Gust1(5.7Hz),z/s=0.025,z/s=0.075,z/s=0.125,z/s=0.175,z/s=0.225,z/s=0.275,z/s=0.325,z/s=0.375,z/s=0.425,z/s=0.475,z/s=0.525,z/s=0.575,z/s=0.625,z/s=0.675,z/s=0.725,z/s=0.775,z/s=0.825,z/s=0.875,z/s=0.925,z/s=0.975
0.01941,0.32674578520354,0.332668647096554,0.362959782984656,0.395487312045426,0.421660889764734,0.430392194132706,0.436578849576513,0.44128855144393,0.448034325912108,0.454374754001911,0.455266868989891,0.440180523877697,0.44173926865097,0.44116632130615,0.436705454156114,0.418819060714903,0.398885787133421,0.375201585295282,0.326105736242528,NaN

0.05941,0.304805913185445,0.339333297186384,0.393603704221677,0.430900067423146,0.464710425275737,0.473719552856158,0.47551572308062,0.482819324089081,0.486403823054427,0.490989865865616,0.492165314002177,0.470023286599652,0.469934710558738,0.470447476123783,0.465564736485544,0.448352188555827,0.420643339233725,0.398176586634543,0.346788855389481,NaN
0.09941,0.2994142380745,0.346119641878494,0.41923371336959,0.463799420724641,0.499181230744117,0.511591459794272,0.51731665700154,0.518864487634961,0.520835363199119,0.526906501080238,0.524304194392932,0.497310023565659,0.496795108562023,0.494316022732955,0.490398474079151,0.471051924985404,0.443032299180803,0.410993007296055,0.356892114276079,NaN
0.13941,0.32208694656665,0.378076344077726,0.450814518446002,0.497963222727197,0.531253047025888,0.54686679644981,0.551423133787038,0.550045008551688,0.550900112099709,0.554652945274675,0.551897962148838,0.521644861342132,0.519904844783591,0.518071320300997,0.512088762753069,0.491610854942938,0.459646754835944,0.422165203789049,0.3658944511056,NaN
0.17941,NaN,0.403701206580036,0.464279434279768,0.521487401201212,0.556266648394881,0.575507567842863,0.577067024897871,0.575568448391658,0.575005042721379,0.578748538297932,0.571064967961786,0.542991762229853,0.53828853625694,0.534734963794909,0.523344256966651,0.508598775892924,0.469295004864829,0.43372774141265,0.376168365355722,NaN
0.21941,NaN,0.420037178039426,0.475152329036897,0.535057813232752,0.57037922624818,0.589511005877468,0.594024075519924,0.591833625700711,0.591319730082844,0.59863067287546,0.584372506011706,0.553039959538749,0.548129553987793,0.542501899826538,0.532306193545871,0.515127166159798,0.475424328013904,0.439242660704593,0.386092901221131,NaN
0.25941,NaN,0.440076383088858,0.495478129362666,0.550355230198594,0.58009703647888,0.599022221687694,0.604786925418623,0.601623884002312,0.60156935076117,0.605007086041915,0.595037992020282,0.559095788902181,0.550487784576757,0.546980244128844,0.536843445805424,0.514009366962765,0.47657401914034,0.434989841275766,0.380823126747556,NaN
0.29941,0.418590742100777,0.415767550378617,0.488165005653184,0.551251931944281,0.585489881901432,0.595433076023768,0.599049238237456,0.598568947360228,0.596502418092834,0.596310547681322,0.585290772562496,0.551401337200976,0.541643914795462,0.537915873640822,0.524653974760767,0.502193398561325,0.468350384061474,0.42753598541195,0.36822364010033,NaN
0.33941,0.371990395004019,0.390668332519992,0.476824097025015,0.536829762901354,0.570088666842706,0.577965446518868,0.585887891733698,0.585450973975217,0.579689263317655,0.580156810768335,0.565902438941564,0.534495701098797,0.526759736304976,0.519402967018457,0.504013861919062,0.484711025077682,0.452152740143039,0.41418124162194,0.358676122235013,NaN
0.37941,0.338101670829617,0.382357808357287,0.45840555370489,0.507920775120379,0.536463866648583,0.545710133748831,0.556218677761137,0.558625474631496,0.553163836426991,0.551383836023945,0.539505680183262,0.512765420479466,0.502588123780209,0.492999970658885,0.479133693860337,0.460655791184115,0.428495213114923,0.391953839053352,0.340795777103594,NaN
0.41941,0.381559976726404,0.387150351082294,0.442799050568237,0.482877567316235,0.502709751476687,0.515120633347092,0.521725865112436,0.526473244636348,0.523023498777401,0.5236856697525,0.511160576723795,0.484429377913176,0.476779953646588,0.468056337189401,0.450807360674864,0.428105374188913,0.402212145812717,0.365865335646755,0.31631785689878,NaN
0.45941,0.387379253920109,0.389795451778362,0.429265138401759,0.458940352749571,0.468444871048003,0.483555777486848,0.493740898813021,0.492869560442063,0.485493806898762,0.491602908695077,0.477570186478284,0.453038065863444,0.447074428507106,0.436808668882727,0.420358220160657,0.397769413082483,0.378043867105569,0.340390325343712,0.295613649393696,NaN
0.49941,0.321311181968234,0.365339751729391,0.397004368517592,0.418113285304399,0.425846759069524,0.446431147530924,0.456390603451219,0.452686531423206,0.443820367666771,0.447372571863536,0.435871725222826,0.418614371195146,0.415771700285643,0.401365594153771,0.388638993369652,0.37128075128046,0.353243236847308,0.31844627353502,0.277622842314015,NaN
0.53941,0.282512851827166,0.331528885637886,0.363538199803434,0.377977525980391,0.386826878154116,0.403913809560934,0.413090899281858,0.405220687991255,0.403571511569592,0.393084175180263,0.395739390226989,0.382459689548938,0.385502107019357,0.372659358796978,0.356175361156658,0.344763070897467,0.324428455938031,0.294685993336453,0.252619688849443,NaN
0.57941,0.26783552415497,0.300042573682712,0.336879185523367,0.3490670932097,0.354183105556509,0.367607958971714,0.378477819620088,0.367146600593064,0.36822808174665,0.356454749682141,0.360027365554214,0.349961306243369,0.356321355242313,0.341054627268306,0.327449126539663,0.316274720859042,0.296173282680267,0.271168491327992,0.233209187532202,NaN
0.61941,0.26791794955977,0.269215220637005,0.310554609019148,0.317010465612379,0.321185677132306,0.33537096837658,0.345849877331784,0.339070812687258,0.337664119924749,0.333355933612541,0.330184147416942,0.320151095568065,0.328716702819713,0.310245691936454,0.306408315781352,0.292261611871865,0.274031883446106,0.252889220679522,0.222588986009512,NaN
0.65941,0.263170343547147,0.261160143010233,0.288099853125481,0.28642543380312,0.283092533829046,0.302365280413083,0.312754157131915,0.311512085514481,0.310416004081107,0.30942711259092,0.306380281165564,0.295181853421495,0.307551484365909,0.29492037831256,0.287238784928561,0.278498151062021,0.258996543369658,0.241907509682833,0.214525399848704,NaN
0.69941,0.264343867945077,0.264035492253089,0.270472280153911,0.265479879365925,0.252327369445771,0.273982307549954,0.287041719114317,0.288700682692815,0.289080536539323,0.293018732059824,0.287261625102397,0.278816404370538,0.28860168740236,0.285732068438817,0.273024823187137,0.266088008321006,0.249789111869076,0.23262643903985,0.205117798457207,NaN
0.73941,0.26761857143176,0.278393945979064,0.262852871279133,0.253286919415738,0.24638451732968,0.260554702816761,0.272341716247158,0.273332175271399,0.276978828649287,0.282075199887281,0.27742506801526,0.268938265158341,0.280442588847125,0.274472681104232,0.266270544903822,0.256794858541724,0.246380812122113,0.225836341760623,0.19702510917271,NaN
0.77941,0.290111921362918,0.297150955537951,0.273033532368366,0.257913803840012,0.252105261442401,0.261275522741923,0.2724779010667,0.271664648758834,0.277192824214355,0.285546832730848,0.276829360331386,0.268492237303976,0.283491121881738,0.274464958553696,0.269193767322747,0.261899823088663,0.247634158145041,0.229858326461483,0.197326432642645,NaN
0.81941,0.307892287312206,0.297704829216722,0.279014901705162,0.263633503211296,0.25573050168676,0.272402341259606,0.283441959466691,0.281188116167274,0.288021168610417,0.296308274934988,0.290243013689122,0.282796207695788,0.294828249643605,0.287510175131861,0.280700294893386,0.27402294126135,0.262346977283271,0.242045163095475,0.209936288302803,NaN
0.85941,0.318147070272213,0.307647930502356,0.283543270294529,0.279046370100928,0.279775494769593,0.293683003608293,0.299942824205181,0.300147720086683,0.310292260970905,0.315970052295124,0.313300281808147,0.306749685172765,0.315204286249829,0.309868471968316,0.301005793473816,0.293577858283254,0.285669142788134,0.26159791988415,0.23116289298076,NaN
0.89941,0.315179728934454,0.313515328590353,0.296322578107698,0.304122997391323,0.31210307680019,0.320468322311772,0.325665856919586,0.328827647324187,0.335625574773044,0.339987977369855,0.340975287474578,0.336684161217507,0.344029546929833,0.340450537846838,0.333665594745745,0.32550916529573,0.306276544392997,0.284891553809859,0.251767425742937,NaN
0.93941,0.306838325728675,0.3120470041594,0.313404364347081,0.330626624528186,0.342856006610031,0.351491455730533,0.360679748857642,0.36393357332165,0.363566814893392,0.367750014710679,0.37270613903977,0.370697530158862,0.377972185723062,0.37680279482326,0.368372188323865,0.357023949647617,0.337105314716707,0.314431414984314,0.273018062456516,NaN
0.97941,0.314908547284922,0.321364691589316,0.336957695570774,0.362291261224224,0.38019909807365,0.389503953912799,0.398667916059495,0.401712428191998,0.404997426800002,0.410107834408662,0.412709019479079,0.406746604974817,0.411177201206835,0.408988748479544,0.401637264243732,0.387410995521725,0.371410739092854,0.346960807488225,0.29954668004107,NaN
