phase_(f*t)[-],z_mat_sin_01[mm],z_mat_sin_02[mm],z_mat_sin_03[mm],z_mat_sin_04[mm],z_mat_sin_05[mm],z_mat_sin_06[mm],z_mat_sin_07[mm],z_mat_sin_08[mm],z_mat_sin_09[mm],z_mat_sin_10[mm],z_mat_sin_11[mm],z_mat_sin_12[mm],z_mat_sin_13[mm],z_mat_sin_14[mm],z_mat_sin_15[mm]
0.00941,40.9686831971788,78.0246825427204,117.11344666066,155.78539119547,195.337832584698,230.423002863629,269.053659676616,306.875403648489,343.777436682414,382.919828554772,421.122839750006,458.837180974587,497.284715229947,528.897338776242,554.146318739703
0.01941,40.968107447457,78.0255918199911,117.113646264006,155.780896696197,195.33946164989,230.425696051082,269.059583574394,306.887209460401,343.805551801144,382.94844848323,421.157737925453,458.879462207497,497.332560878139,528.950126332019,554.20393657315
0.02941,40.967421410849,78.0265286417219,117.113904314397,155.77648505472,195.341117678314,230.428393170447,269.065418707008,306.898880957036,343.833708434597,382.977150343167,421.192577127716,458.921881100675,497.380652654271,529.003080094662,554.261736243973
0.03941,40.966627794828,78.0274893107054,117.114219793427,155.772173681772,195.34279413438,230.431083577425,269.071142045858,306.910372076329,343.861795461406,383.005820861454,421.227219862379,458.964270246129,497.428800762075,529.055991079862,554.319489643278
0.04941,40.9657297314337,78.02847003562,117.114591456044,155.767979592372,195.344484401883,230.433756654209,269.076731003538,306.921637468082,343.889702034907,383.034346888654,421.261529410395,459.006462353268,497.476815182966,529.108650472133,554.376968844783
0.05941,40.9647307649121,78.0294669459926,117.115017835465,155.763919338676,195.346181810109,230.436401851386,269.082163522987,306.932632672942,343.917318020604,383.06261584557,421.295370367653,459.048290909121,497.52450642596,529.160850448911,554.433947004339
0.06941,40.9636348377278,78.0304761074733,117.115497248966,155.760008944648,195.347879660163,230.439008729572,269.087418164531,306.943314297856,343.944534430818,383.090516167543,421.328609179356,459.089590835487,497.57168627551,529.212385000736,554.490199255182
0.07941,40.9624462750045,78.0314935373629,117.11602780452,155.756263842828,195.349571251408,230.441567000609,269.092474190502,306.953640187333,343.971243854811,383.11793774475,421.361114667097,459.130199140424,497.618168534303,529.263050744276,554.545503595375
0.08941,40.9611697674565,78.0325152203303,117.116607408268,155.752698813423,195.351249907904,230.444066568171,269.097311647075,306.963569589803,343.997340882691,383.144772356752,421.392758546569,459.169955561507,497.663769758101,529.312647724988,554.599641763956
0.09941,40.9598103528757,78.0335371242597,117.117233772777,155.749327925974,195.352909004762,230.446497567605,269.101911443018,306.973063318452,344.022722521409,383.170914099596,421.423415933835,459.208703198303,497.708309979705,529.360980206248,554.652400102305
0.10941,40.9583733962506,78.0345552161631,117.117904426074,155.746164483834,195.354541994285,230.448850404869,269.106255425039,306.982083905869,344.047288601235,383.196259803766,421.452965838194,459.246289131592,497.75161341921,529.407857441833,554.703570397365
0.11941,40.9568645685923,78.035565478097,117.118616721396,155.743220971663,195.356142431808,230.451115794387,269.110326449424,306.990595751917,344.070942171073,383.220709441346,421.481291639673,459.282565026867,497.793509177723,529.453094428711,554.752950703358
0.12941,40.9552898245544,78.0365639230189,117.119367847639,155.740509006161,195.357704001137,230.453284795703,269.114108449702,306.998565264229,344.093589881091,383.244166520788,421.508281549274,459.317387719743,497.833831911827,529.496512637161,554.800346138776
0.13941,40.9536553789321,78.0375466105229,117.12015484045,155.738039290215,195.35922053947,230.45534884876,269.117586500044,307.00596099078,344.115142351123,383.266538467715,421.533829050156,459.350619780959,497.87242248611,529.537940715351,554.845569655489
0.14941,40.9519676821356,78.0385096623904,117.12097459393,155.735821570667,195.360686061723,230.457299807682,269.120746874174,307.012753744016,344.135514523417,383.287736990274,421.557833318003,459.382130058752,497.909128601207,529.577215165582,554.888442776936
0.15941,40.9502333947332,78.0394492778957,117.121823872885,155.733864599841,195.36209478415,230.459129972927,269.123577099541,307.018916716044,344.154625998316,383.30767842758,421.580199618938,459.411794196451,497.943805394851,529.614180989542,554.928796302495
0.16941,40.9484593611648,78.0403617488056,117.122699325599,155.732176101008,195.363441147167,230.460832121668,269.126066006536,307.024425584429,344.172401351559,383.32628407989,421.600839683387,459.439495123257,497.976316013579,529.648692300013,554.966470975235
0.17941,40.9466525827305,78.0412434740143,117.123597497061,155.730762737902,195.364719837294,230.462399536302,269.128203772582,307.029258608184,344.188770431948,383.343480519197,421.619672054447,459.465123516268,498.006532152833,529.680612896618,555.001318110435
0.18941,40.9448201899593,78.0420909737553,117.124514842597,155.72963008842,195.365925808125,230.463826030959,269.129981960893,307.033396713573,344.203668638202,383.359199879009,421.636622409353,459.488578231924,498.034334563315,529.709816803345,555.033200182374
0.19941,40.9429694144684,78.0429009033342,117.125447741865,155.728782622613,195.367054300244,230.465105975917,269.131393553771,307.036823569382,344.217037173906,383.373380122195,421.651623852797,459.509766705178,498.059613521613,529.736188765718,555.061991367077
0.20941,40.9411075604231,78.043670066329,117.126392513136,155.728223685041,195.368100860009,230.466234319818,269.132432980305,307.03952565138,344.228823279557,383.385965285813,421.664617180937,459.528605314807,498.082269263226,529.759624705648,555.087578038893
0.21941,40.9392419757107,78.0443954272047,117.127345427831,155.727955481576,195.369061357127,230.467206609603,269.133096138353,307.041492295682,344.238980440781,383.396905701973,421.675551115041,459.545019713425,498.102212376294,529.780032132188,555.109859218918
0.22941,40.9373800229418,78.0450741232935,117.128302725231,155.727979070694,195.369932000953,230.468019008089,269.133380410732,307.042715740841,344.247468571904,383.406158193849,421.684382503867,459.558945120899,498.11936415446,529.797330506548,555.128746973513
0.23941,40.9355290503932,78.0457034760918,117.129260627319,155.728294359299,195.370709355455,230.468668309111,269.13328467555,307.043191158479,344.254254174149,383.413686246085,421.691076493958,459.570326580008,498.133656907492,529.811451559947,555.14416676134
0.24941,40.9336963630081,78.0462810018318,117.130215353695,155.728900103092,195.371390352769,230.469151950174,269.13280931063,307.042916672339,344.259310467844,383.419460148896,421.695606667194,459.579119173333,498.145034228423,529.82233956304,555.156057727541
0.25941,40.9318891935662,78.0468044212831,117.131163136489,155.729793911478,195.37197230531,230.469468022568,269.13195619202,307.041893365693,344.262617498108,383.423457115326,421.69795514505,459.585288200525,498.153451216165,529.829951545852,555.164372943904
0.26941,40.9301146741397,78.0472716687484,117.132100235235,155.730972257004,195.372452916378,230.469615278899,269.13072868659,307.040125277065,344.264162213604,383.425661371174,421.698112659158,459.588809315251,498.158874652714,529.834257467365,555.16907959407
0.27941,40.9283798079462,78.0476809002152,117.133022951633,155.732430489278,195.37283028922,230.469593138014,269.129131638742,307.037619384293,344.263938518045,383.42606421725,421.69607858788,459.589668621282,498.161283134242,529.835240334073,555.170159103041
0.28941,40.9266914417097,78.0480305006341,117.133927644143,155.734162853325,195.373102934518,230.469401687293,269.127171351294,307.03438557699,344.261947294255,383.424664063705,421.691860958767,459.587862727327,498.160667155573,529.83289626705,555.167607210489
0.29941,40.9250562386407,78.0483190902918,117.134810742357,155.736162512295,195.373269776265,230.469041682304,269.124855560606,307.030436617516,344.258196400685,383.421466436305,421.685476416874,459.583398760426,498.157029147694,529.827234517259,555.161433987566
0.30941,40.9234806521385,78.0485455302569,117.135668761089,155.738421574446,195.373330156013,230.468514543823,269.122193406046,307.025788090611,344.252700640399,383.416483954623,421.676950159072,459.576294337817,498.15038346816,529.818277429039,555.151663797164
0.31941,40.9219709003232,78.0487089268742,117.136498314132,155.740931124293,195.373283835471,230.467822352224,269.119195393921,307.020458341887,344.245481702651,383.40973628224,421.666315834604,459.56657749741,498.140756344432,529.806060351926,555.13833519776
0.32941,40.9205329414955,78.0488086352919,117.137296127619,155.74368125779,195.373130997446,230.466967839271,269.115873356016,307.014468405426,344.23656807729,383.401250049136,421.653615412291,459.554286587135,498.128185770369,529.79063150114,555.121500791248
0.33941,40.919172450622,78.0488442620066,117.138059052944,155.746661121415,195.372872245118,230.465954377337,269.112240402896,307.007841920773,344.225994942324,383.391058746594,421.638899014897,459.5394701136,498.112721356284,529.772051767308,555.101227015338
0.34941,40.9178947969386,78.0488156664157,117.13878407919,155.749858955009,195.372508599665,230.464785966093,269.108310872168,307.000605039633,344.213804025086,383.379202595032,421.62222472132,459.522186550656,498.094424133155,529.750394476151,555.077593881363
0.35941,40.9167050227606,78.048722961373,117.139468345009,155.753262138183,195.37204149623,230.463467216724,269.104100271894,306.99278632267,344.200043437557,383.365728385261,421.603658337379,459.50250410863,498.073366311761,529.725745099102,555.050694658504
0.36941,40.9156078235833,78.048566512743,117.140109149917,155.756857240127,195.371472778256,230.462003333732,269.09962521939,306.98441662679,344.184767486489,383.350689293833,421.583273136109,459.48050046513,498.049630997703,529.698200915991,555.020635505706
0.37941,40.9146075295504,78.048346937957,117.14070396495,155.760630072618,195.370804690214,230.460400094394,269.094903375644,306.975528983357,344.168036459082,383.334144673171,421.561149568586,459.456262458483,498.023311863423,529.667870631126,554.987535052712
0.38941,40.9137080883656,78.0480651035762,117.141250442644,155.764565746008,195.370039868742,230.458663825962,269.089953375615,306.966158467839,344.149916385058,383.316159817333,421.537374946424,459.429885745029,497.994512778519,529.634873944284,554.951523931888
0.39941,40.9129130497122,78.0477221218724,117.141746426302,155.768648727993,195.36918133224,230.456801380696,269.084794754693,306.956342061381,344.13047877607,383.29680570433,421.512043097194,459.401474421604,497.963347399822,529.599341078314,554.912744262675
0.40941,40.9122255512447,78.0473193464375,117.142189958502,155.772862904909,195.36823246896,230.454820108816,269.079447871598,306.946118504854,344.109800343481,383.276158716003,421.485253994134,459.371140614724,497.929938722844,529.561412265204,554.871349090712
0.41941,40.9116483062054,78.0468583668421,117.142579288826,155.777191645324,195.367197023632,230.452727829497,269.073933828033,306.935528145965,344.087962695617,383.254300336583,421.457113361593,459.339004038064,497.894418596371,529.521237192651,554.827501783829
0.42941,40.9111835927167,78.0463410023622,117.142912880765,155.781617865677,195.366079082685,230.45053280001,269.068274385411,306.924612780022,344.065052015698,383.231316831106,421.427732257793,459.305191520012,497.856927202113,529.478974413313,554.781375387317
0.43941,40.9108332447906,78.045769294799,117.143189417784,155.786124097699,195.364883058123,230.448243683132,269.062491878966,306.913415484988,344.041158721711,383.207298904969,421.397226636527,459.269836503129,497.817612501475,529.434790719071,554.733151940988
0.44941,40.9105986450901,78.0451455004211,117.143407808517,155.790692557351,195.363613670106,230.445869512963,269.056609129608,306.90198045147,344.016377109571,383.182341345954,421.365716889546,459.233078517514,497.776629651621,529.388860482781,554.683021760755
0.45941,40.9104807194731,78.0444720810598,117.143567191076,155.79530521501,195.36227592833,230.443419659268,269.050649353862,306.890352808323,343.990804980979,383.156542650144,421.333327371424,459.195062630144,497.734140393134,529.341364970103,554.631182687535
0.46941,40.9104799333382,78.0437516943937,117.143666936451,155.799943866624,195.360875112251,230.4409037905,269.04463607224,306.878578444541,343.964543257444,383.130004633205,421.300185908794,459.155938872357,497.690312411707,529.292491624125,554.577839306469
0.47941,40.9105962897878,78.04298718346,117.143706650993,155.804590205552,195.359416750249,230.438331835643,269.038593016417,306.866703828159,343.937695581992,383.102832028566,421.266423295867,459.115861647753,497.645318676359,529.242433325617,554.52320213951
0.48941,40.9108293296163,78.0421815654339,117.143686177966,155.80922589482,195.357906597814,230.435713945029,269.032544035574,306.854775822862,343.910367910132,383.075132074083,421.232172778252,459.074989122826,497.599336756808,529.191387631813,554.467486814596
0.49941,40.9111781331219,78.0413380197218,117.143605598168,155.813832639478,195.356350614826,230.433060450275,269.026513002275,306.842841503039,343.882668091699,383.047014088822,421.197569527094,459.033482602761,497.552548122683,529.139555996747,554.41091321466
0.50941,40.9116413237365,78.0404598754132,117.143465229611,155.81839225881,195.35475494204,230.430381823514,269.020523718253,306.830947967997,343.854705445223,383.018589041625,421.162750105616,458.991505894829,497.505137427348,529.087142976201,554.353704609855
0.51941,40.9122170734583,78.0395505981425,117.143265626265,155.822886758083,195.353125876848,230.42768863606,269.014599820475,306.819142156086,343.826590326493,382.989969113167,421.127851930169,458.949224661919,497.457291779157,529.034355420424,554.296086776409
0.52941,40.9129031100663,78.0386137764117,117.143007575874,155.82729839956,195.351469848424,230.424991516696,269.00876468786,306.807470659451,343.79843369304,382.96126725323,421.093012727906,458.906805768741,497.409200003024,528.981401657781,554.238287105585
0.53941,40.9136967260874,78.0376531074282,117.142692096844,155.831609772508,195.349793392358,230.422301109718,269.003041349011,306.795979540158,343.770346666231,382.932596734943,421.058369993243,458.864416623286,497.36105189522,528.928490672581,554.18053370628
0.54941,40.9145947894817,78.0366723825136,117.142320434227,155.835803861907,195.348103124855,230.419628032934,268.997452391331,306.784714148404,343.74244009273,382.904070707743,421.024060445227,458.822224516147,497.31303747433,528.875831280311,554.123054504775
0.55941,40.9155937560032,78.035675472141,117.141894054806,155.839864115604,195.346405716629,230.416982835756,268.992019871882,306.773718943545,343.714824107033,382.875801750827,420.990219487969,458.780395960295,497.265346231335,528.823631303532,554.066076345219
0.56941,40.9166896831876,78.0346663106603,117.141414641305,155.843774509632,195.344707866575,230.414375957571,268.986765230337,306.76303731863,343.687607696819,382.847901428854,420.956980676266,458.739096033929,497.218166381785,528.772096751707,554.009824094377
0.57941,40.9178782459108,78.0336488807707,117.140884085751,155.847519611451,195.34301627533,230.411817686533,268.981709204367,306.752711429154,343.660898272825,382.820479851648,420.924475188525,458.698487728991,497.171684122992,528.721431008167,553.954519754183
0.58941,40.9191547534589,78.0326271978033,117.140304482003,155.851084640857,195.341337618834,230.409318118972,268.976871747794,306.742782026684,343.634801244946,382.793645239645,420.892831309053,458.658731307909,497.126082899194,528.671834027455,553.900381585603
0.59941,40.9205141680396,78.0316052938739,117.139678117494,155.854455528306,195.339678521976,230.406887119537,268.972271951851,306.733288298035,343.609419606228,382.767503496801,420.862173921787,458.619983671113,497.08154267759,528.623501546195,553.847623247253
0.60941,40.9219511246648,78.0305872019705,117.139007464197,155.857618970446,195.338045532453,230.404534282274,268.96792796983,306.724267710618,343.584853526402,382.742157792631,420.832624017428,458.582397737823,497.038239238085,528.57662431061,553.796452952194
0.61941,40.9234599523231,78.0295769400367,117.138295168875,155.860562482616,195.33644509493,230.402268892756,268.963856945444,306.71575586457,343.561199956564,382.717708155051,420.804298215949,458.546121842548,496.996343479572,528.531387323732,553.747072646201
0.62941,40.925034696361,78.0285784951148,117.137544042632,155.863274448119,195.334883525601,230.40009989144,268.960074945167,306.707786352258,343.538552246546,382.694251075609,420.777308306348,458.511299149673,496.956020745469,528.487969115282,553.699677210782
0.63941,40.9266691419833,78.0275958076107,117.13675704982,155.865744164065,195.333366987268,230.398035838383,268.956596894825,306.700390625707,343.516999776514,382.671879128682,420.751760805466,458.478067088457,496.917430171185,528.446541037093,553.65445369407
0.64941,40.9283568387797,78.0266327557432,117.135937296341,155.867961883613,195.331901465015,230.396084879461,268.953436520695,306.69359787247,343.49662760422,382.650680606124,420.727756537619,458.446556810664,496.880724056088,528.407266586861,553.611580572622
0.65941,40.9300911261822,78.0256931402379,117.135088017386,155.869918854439,195.330492742588,230.394254714216,268.950606295328,306.687434900442,343.477516129321,382.630739168818,420.705390236684,458.416892672965,496.846047262444,528.370300762901,553.571227047064
0.66941,40.9318651597506,78.024780669328,117.134212564672,155.871607353272,195.329146379571,230.392552565475,268.948117388333,306.681926032057,343.459740776078,382.612133516507,420.684750172235,458.389191746159,496.813536643716,528.335789452431,553.533552374324
0.67941,40.9336719381849,78.0238989441193,117.13331439321,155.873020716378,195.327867689444,230.390985150841,268.945979622286,306.677093008302,343.443371695689,382.5949370772,420.665917801175,458.363563353148,496.783320504462,528.303868855826,553.498705239123
0.68941,40.935504330956,78.0230514443784,117.132397047674,155.87415336586,195.326661718613,230.389558656184,268.944201433976,306.672954902914,343.428473489435,382.579217717389,420.648967446269,458.340108637492,496.75551809398,528.274664949098,553.466823167185
0.69941,40.9373551064469,78.0222415147995,117.131464148406,155.875000831667,195.325533226494,230.388278711226,268.942789841097,306.669528047104,343.415104953731,382.565037474203,420.633966002825,458.318920164238,496.730239135683,528.248292986725,553.438031982482
0.70941,40.9392169604922,78.0214723518046,117.130519377134,155.875559769239,195.324486666729,230.387150367325,268.941750414564,306.666825965107,343.40331884808,382.552452310584,420.620972674685,458.300081554609,496.707583394069,528.224857046795,553.412445310665
0.71941,40.9410825452046,78.0207469909289,117.129566462439,155.875827972704,195.323526169611,230.38617807754,268.941087256516,306.664859320805,343.393161686856,382.541511894424,420.610038740581,458.283667155991,496.687640281001,528.204449620255,553.390164130641
0.72941,40.9429444979736,78.0200682948401,117.12860916504,155.875804383586,195.322655525785,230.385365679053,268.940802984137,306.663635875646,343.384673555733,382.532259402548,420.601207351755,458.269741748517,496.670488502835,528.187151245895,553.371276376046
0.73941,40.9447954705221,78.0194389420418,117.127651262951,155.875489094981,195.321878171283,230.384716378031,268.940898719318,306.663160458008,343.377887953488,382.524731350312,420.594513361664,458.258360289408,496.656195749803,528.173030192496,553.355856588219
0.74941,40.9466281579072,78.0188614163018,117.126696536576,155.874883351188,195.321197173969,230.384232736968,268.941374084238,306.663434944147,343.372831659793,382.518957447502,420.589983188428,458.249567696083,496.644818428872,528.162142189403,553.343965622018
0.75941,40.9484353273491,78.0183379968505,117.125748753782,155.873989542802,195.320615221428,230.383916664575,268.942227202848,306.664458250793,343.369524629529,382.514960481072,420.587634710572,458.243398668891,496.63640144113,528.154530206591,553.335650405655
0.76941,40.9502098467756,78.0178707493853,117.124811655036,155.872811197276,195.32013461036,230.383769408243,268.943454708279,306.666226339421,343.367979914033,382.512756225223,420.587477196464,458.239877554164,496.630978004582,528.150224285079,553.330943755488
0.77941,40.9519447129692,78.0174615179184,117.123888938638,155.871352965001,195.319757237518,230.383791549129,268.945051756127,306.668732232194,343.368203609592,382.512353379147,420.589511267742,458.239018248134,496.628569523054,528.149241418371,553.329864246517
0.78941,40.9536330792056,78.0171119174995,117.122984246128,155.869620600955,195.319484592221,230.38398299985,268.947012043575,306.671966039497,343.370194833382,382.513753532692,420.593728896855,458.240824142089,496.629185501722,528.151585485393,553.33241613907
0.79941,40.9552682822747,78.0168233278418,117.122101147914,155.867620941985,195.319317750473,230.384343004839,268.949327834263,306.67591499897,343.373945726952,382.516951160092,420.600113438748,458.245288108989,496.632823509601,528.157247235184,553.338589361993
0.80941,40.9568438687769,78.0165968878767,117.121243129182,155.865361879834,195.319257370725,230.38487014332,268.951989988823,306.680563525875,343.379441487238,382.521933641774,420.60863969655,458.252392531598,496.639469189135,528.166204323404,553.348359552395
0.81941,40.9583536205922,78.0164334912594,117.120413576139,155.862852329986,195.319303691267,230.385562334919,268.954988000948,306.6858932746,343.386660424986,382.528681314157,420.619274021018,458.262109372005,496.649096312863,528.178421400518,553.361688151799
0.82941,40.9597915794198,78.0163337828417,117.119615762652,155.86010219649,195.319456529292,230.386416847871,268.958310038853,306.69188321106,343.395574050347,382.537167547261,420.631974443331,458.27440028228,496.661666886926,528.193850251303,553.378522558311
0.83941,40.9611520702934,78.016298156127,117.118852837327,155.857122332865,195.31971528162,230.387430309805,268.961942991973,306.698509695714,343.406147185313,382.547358849803,420.646690840725,458.289216755816,496.677131301011,528.212429985135,553.398796334221
0.84941,40.9624297239768,78.016326751718,117.118127811081,155.853924499271,195.320078927073,230.388598721049,268.965872522701,306.705746576854,343.418338102551,382.559215001365,420.663365134301,458.30650031876,496.695428524141,528.234087276293,553.422429468196
0.85941,40.9636194981547,78.0164194567606,117.117443545262,155.850521316097,195.320546030508,230.389917470418,268.970083122975,306.713565293816,343.43209869008,382.572689211136,420.681931518243,458.326182760785,496.716486345535,528.258736653342,553.449328691055
0.86941,40.9647166973321,78.0165759053906,117.116802740353,155.846926214153,195.321114748482,230.391381353411,268.974558175479,306.721934989697,343.447374641148,382.587728302564,420.702316719513,458.348186404286,496.740221659592,528.286280836452,553.479387843852
0.87941,40.965716991365,78.0167954801767,117.116207925321,155.843153381662,195.321782836524,230.392984592749,268.979280019225,306.73082263313,343.464105668555,382.604272923226,420.724440287036,458.372424410933,496.766540793872,528.316611121317,553.512488296847
0.88941,40.9666164325498,78.0170773145574,117.115661447627,155.839217708272,195.322547657996,230.39472086118,268.984230019253,306.740193148648,343.482225742579,382.622257779064,420.748214909198,458.398801124387,496.795339878776,528.349607808159,553.548499417671
0.89941,40.9674114712031,78.0174202962612,117.115165463969,155.835134726287,195.323406194498,230.396583306446,268.989388640175,306.750009555106,343.501663351567,382.641611892067,420.773546758428,458.427212447811,496.826505257473,528.385140674129,553.587279086884
0.90941,40.9680989696706,78.0178230716962,117.114721931769,155.830920549371,195.324355057778,230.398564578326,268.994735523271,306.760233111633,343.522341784156,382.662258880394,420.800335861488,458.457546254692,496.859913934451,528.423069487239,553.628674258847
0.91941,40.9686762147099,78.0182840512915,117.114332601445,155.826591808956,195.325390503106,230.400656857645,269.000249566835,306.770823470522,343.54417943202,382.684117259815,420.828476494028,458.489682831352,496.895434060924,528.463244559792,553.672521565729
0.92941,40.9691409281986,78.0188014157714,117.113999009506,155.822165588603,195.326508444053,230.402851887133,269.005909009457,306.781738836465,343.567090111939,382.707100765291,420.857857597829,458.523495349404,496.932925455182,528.50550733913,553.718647962242
0.93941,40.9694912761248,78.0193731233346,117.113722472487,155.817659356581,195.327704468615,230.40514100401,269.011691515903,306.792936131499,343.590983405926,382.731118691428,420.888363219095,458.558850366287,496.97224015582,528.549691033372,553.76687140857
0.94941,40.9697258758253,78.0199969177125,117.113504081754,155.813090896928,195.328973856632,230.407515174179,269.017574265261,306.804371165016,343.615765018066,382.756076250443,420.919872966076,458.595608351902,497.013223005675,528.595621269662,553.817001588804
0.95941,40.9698438014423,78.0206703370738,117.113344699195,155.80847823927,195.330311598408,230.409965027874,269.023534041007,306.815998808164,343.641337146658,382.781874946253,420.952262484198,458.633624239272,497.055712264162,528.643116782341,553.868840662024
0.96941,40.9698445875772,78.0213907237399,117.11324495382,155.803839587656,195.331712414487,230.412480896643,269.029547322629,306.827773171946,343.667598870193,382.808412963192,420.985403946828,458.672747997058,497.099540245589,528.691990128318,553.92218404309
0.97941,40.9697282311275,78.0221552346737,117.113205239278,155.799193248727,195.333170776489,230.415052851499,269.035590378452,306.839647788328,343.694446545645,382.835585567831,421.019166559755,458.712825221663,497.144533980937,528.742048426826,553.976821210049
0.98941,40.969495191299,78.0229608526997,117.113225712305,155.79455755946,195.334680928924,230.417670742114,269.041639359295,306.851575793624,343.721774217505,382.863285522314,421.05341707737,458.753697746589,497.190515900488,528.79309412063,554.032536534963
0.99941,40.9691463877934,78.0238043984119,117.113306292103,155.789950814802,195.336236911912,230.420324236867,269.047670392594,306.863510113448,343.749474035938,382.891403507575,421.088020328528,458.795204266655,497.237304534612,528.844925755697,554.089110134898
