phase_(f*t)[-],z_mat_sin_01[mm],z_mat_sin_02[mm],z_mat_sin_03[mm],z_mat_sin_04[mm],z_mat_sin_05[mm],z_mat_sin_06[mm],z_mat_sin_07[mm],z_mat_sin_08[mm],z_mat_sin_09[mm],z_mat_sin_10[mm],z_mat_sin_11[mm],z_mat_sin_12[mm],z_mat_sin_13[mm],z_mat_sin_14[mm]
0.00565,40.7237679508118,77.8807277491174,117.006793908482,155.587395187304,195.208364729749,230.418384958166,269.074682578684,307.359967817047,343.767454819496,383.203366528702,421.537059217906,459.475097534529,498.291513424923,529.93445306248
0.01565,40.7214089405997,77.8793832249515,117.001536987104,155.576499450416,195.192009485585,230.394000456801,269.039919030369,307.310642948412,343.707115319942,383.12957687299,421.447836396818,459.372206655243,498.176460380497,529.80478106819
0.02565,40.7192004495158,77.8776973553653,116.995328487799,155.563657824219,195.172377956072,230.364519503571,268.997880408741,307.250727031916,343.63398610289,383.039434864528,421.338789206918,459.246453781679,498.034488226577,529.645598991932
0.03565,40.7171511934654,77.8756767937159,116.988192912678,155.548920988745,195.149547617888,230.330058446332,268.948732621034,307.18045652831,343.548355775951,382.933296252641,421.210348007648,459.098335202979,497.866157262394,529.457535052636
0.04565,40.7152692599261,77.8733295142369,116.980158422595,155.53234710355,195.123608571948,230.290753287133,268.892669631114,307.100108763166,343.450562282904,382.811579917941,421.063019697742,458.928435475503,497.672131813361,529.241331452752
0.05565,40.7135620760297,77.870664780568,116.971256726013,155.514001578188,195.094663187816,230.246759145479,268.829912693989,307.010000832408,343.340991569988,382.674766219194,420.89738571473,458.737425115857,497.453177609284,528.997841449116
0.06565,40.7120363792511,77.8676931091958,116.961522953861,155.493956814066,195.062825699698,230.198249646149,268.760709482619,306.910488350871,343.22007606275,382.523395097564,420.714099740273,458.526057954665,497.210158762374,528.728025985532
0.07565,40.7106981908185,77.8644262279494,116.950995520891,155.47229191871,195.028221755616,230.145416233975,268.685333110463,306.801964048857,343.088292959456,382.358063945713,420.513885120376,458.295168161549,496.944034356996,528.432949900368
0.08565,40.7095527919502,77.8608770297167,116.939715974071,155.449092393565,194.990987921527,230.088467418298,268.604081053625,306.684856222206,342.946162347808,382.179425250166,420.297532010676,458.045666953038,496.655854664597,528.113777724124
0.09565,40.7086047030123,77.8570595215615,116.927728828619,155.424449796557,194.951271142364,230.027627950076,268.517273976854,306.559627042009,342.794245152397,381.988184016242,420.065894258052,457.778538996416,496.346756998767,527.771769083563
0.10565,40.7078576656787,77.8529887694446,116.915081392322,155.398461380759,194.90922816211,229.963137934894,268.425254468023,306.426770730627,342.633140920989,381.78509498572,419.819886030891,457.494838523688,496.017961226779,527.408273730542
0.11565,40.7073146281645,77.8486808387648,116.901823578834,155.371229710576,194.8650249052,229.89525188538,268.328385686094,306.286811611225,342.463485458383,381.570959658223,419.560478211274,457.19568517101,495.670764955333,527.024726215154
0.12565,40.7069777335907,77.8441527309563,116.888007710686,155.342862256967,194.818835821695,229.824237716757,268.227049927894,306.140302038508,342.285948317184,381.346623128057,419.288694563353,456.882259559995,495.306538409493,526.622640224215
0.13565,40.7068483115261,77.839422316392,116.873688312799,155.313470973313,194.770843198805,229.750375689506,268.121647119364,305.987820218823,342.101230155377,381.112970749019,419.00560769302,456.555798638339,494.926719025036,526.203602607437
0.14565,40.7069268727407,77.8345082638571,116.858921897294,155.283171853582,194.721236441487,229.673957303303,268.012593237237,305.829967928252,341.910059971158,380.870924640303,418.712334814822,456.217590798154,494.532805775551,525.769267114852
0.15565,40.7072131071891,77.8294299668718,116.843766740468,155.252084474559,194.67021132495,229.595284146607,267.900318667362,305.667368137668,341.713192225907,380.621440047319,418.410033342826,455.868970791273,494.12635325667,525.321347870221
0.16565,40.7077058852347,77.8242074671544,116.8282826528,155.220331523925,194.617969222016,229.514666706425,267.785266506174,305.500662554162,341.511403866673,380.365501571777,418.099896322833,455.511314461593,493.708965550795,524.861612606167
0.17565,40.7084032621078,77.8188613755253,116.81253074291,155.18803831607,194.5647163084,229.432423142963,267.66789081199,305.33050908851,341.305491259923,380.104119285914,417.783147723974,455.14603331525,493.282289896515,524.391875687745
0.18565,40.7093024855804,77.8134127905658,116.79657317639,155.155332297532,194.510662749021,229.348878033993,267.548654813053,305.157579258706,341.096267048642,379.838324746196,417.461037608259,454.774568950048,492.848010187708,523.91399095197
0.19565,40.7104000068283,77.8078832153514,116.780472930466,155.122342544025,194.456021868585,229.26436109389,267.428029079374,304.982555539784,340.884556945207,379.569166922244,417.134837197157,454.39838736613,492.407840327982,523.429844391568
0.20565,40.7116914944366,77.8022944725894,116.764293545452,155.089199251033,194.401009309684,229.179205872406,267.306489665618,304.806128670401,340.671196472676,379.29770805702,416.805833854663,454.018973180347,491.963517466677,522.941346711828
0.21565,40.7131718514936,77.7966686184941,116.748098873989,155.056033219993,194.345842181754,229.093748438296,267.184516232324,304.628994926809,340.457027667358,379.025019474649,416.475326006664,453.637823767152,491.516795143136,522.450425789918
0.22565,40.7148352357064,77.7910278557414,116.731952829047,155.022975342077,194.290738204246,229.008326053011,267.062590152908,304.45185337497,340.242895755683,378.752177352385,416.14461801664,453.256443349149,491.069436366281,521.959019066438
0.23565,40.7166750824574,77.7853944458449,116.715919131689,154.990156081626,194.235914847384,228.923275839679,266.941192613904,304.275403111661,340.02964581848,378.480258473436,415.815015037942,452.876337060611,490.623206656827,521.469065899221
0.24565,40.718684130712,77.7797906212999,116.700061059592,154.957704961268,194.181588473913,228.838933452638,266.820802715937,304.100340505457,339.818119455825,378.210335977388,415.487817862946,452.499005007406,490.179867079573,520.982499909582
0.25565,40.7208544516747,77.7742384978417,116.684441197324,154.925750050749,194.127973485208,228.755631752756,266.701895582932,303.927356448488,339.609151465635,377.943475125018,415.16431778942,452.125936346759,489.741167293289,520.501241351189
0.26565,40.7231774800801,77.7687599871649,116.669121189344,154.894417461502,194.075281475135,228.673699493785,266.584940487021,303.757133629798,339.403566549099,377.680729094193,414.845791524359,451.758603410237,489.308838645607,520.027189531708
0.27565,40.7256440479963,77.7633767104484,116.654161496725,154.863830848943,194.023720394986,228.593460024921,266.470398996536,303.590343841083,339.202176055959,377.423134823459,414.533496145413,451.398455893122,488.884587340188,519.562215317095
0.28565,40.7282444210068,77.758109913026,116.639621158539,154.834110924458,193.973493732788,228.51523001469,266.358723154409,303.427645325442,339.005774782486,377.171708919719,414.228664139766,451.046915133127,488.470087703113,519.108153748149
0.29565,40.7309683366271,77.752980380541,116.625557558858,154.80537497901,193.92479971023,228.439318201201,266.250353694171,303.269680179586,338.815137834778,376.92744364615,413.932498540082,450.705368501028,488.066975575082,518.666796798443
0.30565,40.7338050448069,77.7480083569145,116.612026200284,154.777736420248,193.877830500373,228.366024173702,266.145718300572,303.117071819778,338.631017569775,376.691303006193,413.646168176676,450.375163925345,487.6768418555,518.239886302219
0.31565,40.7367433503548,77.7432134644524,116.599080484909,154.751304324937,193.832771469231,228.295637190235,266.045229921706,302.970422521494,338.454140626045,376.46421893907,413.370803064682,450.057604572681,487.301226223923,517.829107080169
0.32565,40.7397716571213,77.7386146264046,116.586771503557,154.726183008482,193.789800444213,228.228435036066,265.949285139297,302.830311042516,338.285205056079,376.24708764185,413.107489944393,449.753943704724,486.941611063647,517.436080290216
0.33565,40.7428780137631,77.7342299922839,116.575147834153,154.702471613241,193.749087012323,228.164682927397,265.858262603567,302.697290338842,338.124877571392,376.040766032566,412.8572679924,449.465379732188,486.599415611417,517.062357029543
0.34565,40.7460501609096,77.730076866238,116.56425535001,154.680263717258,193.710791850879,228.104632464674,265.772521538881,302.571885382417,337.973790911319,375.846068368349,412.621124720432,449.193051485241,486.275990356348,516.709412213121
0.35565,40.7492755795453,77.726171638758,116.554137038787,154.659646964955,193.675066093385,228.04852063964,265.69240032605,302.454591089312,337.832541345882,375.663763031931,412.399992078098,448.93803371906,485.972611710163,516.378638752897
0.36565,40.7525415404164,77.7225297219927,116.544832832836,154.640702721232,193.642050733085,227.996568900032,265.618215166897,302.345870366516,337.701686322586,375.494569499188,412.194742774913,448.70133287226,485.690476969778,516.0713420606
0.37565,40.7558351542673,77.7191654889237,116.536379451607,154.623505750365,193.611876066524,227.948982275634,265.550258836352,302.246152285052,337.581742266425,375.339155499697,412.006186836107,448.483883094945,485.430699592119,515.788734895886
0.38565,40.7591434227091,77.7160922166419,116.528810256733,154.608123920942,193.584661179324,227.90594856911,265.488799527007,302.15583038663,337.473182541792,375.198134381511,411.835068405828,448.286542562044,485.194304799814,515.531932580123
0.39565,40.7624532895174,77.7133220339491,116.522155120369,154.594617938016,193.560513476212,227.86763761484,265.434079790678,302.075261130519,337.376435584324,375.072062690558,411.682062810342,448.110090086484,484.982225535109,515.301948594729
0.40565,40.7657516921602,77.7108658734907,116.516440307298,154.583041103531,193.539528257141,227.834200608659,265.386315581164,302.004762486765,337.291883210062,374.961437974205,411.547773892834,447.955222045571,484.795298777973,515.099690581425
0.41565,40.769025613349,77.7087334286099,116.511688371275,154.573439105964,193.521788341182,227.805769511153,265.345695401979,301.944612681306,337.2198591086,374.866696817668,411.432731630311,447.822549632711,484.634262242917,514.925956760186
0.42565,40.7722621324128,77.7069331150924,116.507918066022,154.565849840013,193.50736373968,227.782456526876,265.312379562414,301.895049097945,337.160647526161,374.788213121009,411.337390042024,447.712596445305,484.499751467575,514.781432779033
0.43565,40.7754484762893,77.7054720379533,116.50514427121,154.560303257044,193.496311379946,227.764353661526,265.286499544865,301.856267341503,337.114482143809,374.726296623522,411.262125397666,447.625796418351,484.392297304525,514.666689008093
0.44565,40.7785720699351,77.7043559633965,116.503377933742,154.556821246884,193.488674880595,227.751532358842,265.268157485939,301.828420465853,337.081545155219,374.681191681336,411.207234732402,447.562492111901,484.312323826257,514.58217828861
0.45565,40.7816205859529,77.7035892960584,116.502626024542,154.555417551438,193.484484379401,227.744043218647,265.257425773362,301.811618369893,337.061966547636,374.653076303052,411.172934674611,447.52293335913,484.260146651554,514.528234145782
0.46565,40.7845819932429,77.7031750616247,116.502891511055,154.55609771045,193.483756414358,227.741915797158,265.254346760302,301.805927363818,337.055823588881,374.642061447223,411.159360590951,447.507276280364,484.235971699886,514.505069472498
0.47565,40.7874446044833,77.7031148948894,116.504173345525,154.558859039644,193.486493858412,227.745158490335,265.258932598216,301.81136990743,337.063140522404,374.648190584453,411.166566052129,447.515582666939,484.239894378744,514.51277568914
0.48565,40.7901971222555,77.7034090333032,116.506466469138,154.563690641313,193.492685908121,227.753758500749,265.271165188898,301.827924521496,337.083888471611,374.671439525836,411.194522621481,447.547819737342,484.271899207105,514.551322382791
0.49565,40.7928286836292,77.7040563160362,116.509761831983,154.570573447335,193.502308126294,227.767681888088,265.290996255899,301.855525872516,337.117985553828,374.711716518424,411.243119967201,447.603860266584,484.331859876535,514.620557427261
0.50565,40.795328903034,77.7050541885591,116.514046428767,154.579480294418,193.515322538432,227.786873703104,265.318347535059,301.894065030569,337.165297203446,374.768862607327,411.312166297767,447.683483088299,484.419539749664,514.720207583462
0.51565,40.7976879132462,77.706398712725,116.519303350145,154.590376031306,193.531677782595,227.811258204469,265.353111083375,301.943389899205,337.225636703,374.842652263039,411.401389118855,447.786373967585,484.53459279409,514.849879577751
0.52565,40.7998964043301,77.7080845823112,116.52551184945,154.603217657504,193.551309312108,227.840739157698,265.395149705003,302.0033058157,337.298765920052,374.932794271501,411.510436308754,447.912126841149,484.67656494801,515.009061654009
0.53565,40.8019456603804,77.7101051439606,116.532647424572,154.617954492978,193.574139650292,227.875200214937,265.444297492709,302.073576319307,337.384396246991,375.038932883388,411.638877508025,448.060245419849,484.844895912192,515.197125593305
0.54565,40.8038275939198,77.7124524234396,116.540681914654,154.634528378173,193.600078696232,227.914505374137,265.500360482629,302.15392408445,337.482189740038,375.160649218088,411.786205817931,448.230145147325,485.038921361225,515.413329193189
0.55565,40.8055347778162,77.7151171571085,116.549583611236,154.652873903535,193.629024080365,227.958499515791,265.563117419754,302.244032015208,337.591760452954,375.297462916835,411.951839800943,448.421155506971,485.257875565303,515.656819196824
0.56565,40.8070604745948,77.7180888284807,116.559317383388,154.672918667657,193.660861568482,228.007009015121,265.632320631125,302.343544496745,337.712675960192,375.448834038465,412.1351257754,448.632522668163,485.500894412213,515.926634660409
0.57565,40.8083986630274,77.7213557097271,116.569844816359,154.694583563013,193.695465512565,228.059842427294,265.707697003281,302.452068798759,337.844459063486,375.614165190315,412.335340395297,448.863412461279,485.767018817591,516.221710745573
0.58565,40.8095440618957,77.7249049079598,116.581124363179,154.717783088158,193.732699346654,228.116791242972,265.788949060119,302.56917662541,337.986589675134,375.792803885862,412.551693504997,449.11291366979,486.055198509989,516.540882921817
0.59565,40.8104921508336,77.7287224161149,116.59311150863,154.742425685165,193.772416125816,228.177630711194,265.87575613689,302.694405805608,338.138506870545,375.984045119787,412.78333125762,449.380041626412,486.36429617582,516.882891562378
0.60565,40.8112391881671,77.7327931682319,116.605758944927,154.768414100963,193.81445910607,228.242120726376,265.967775645721,302.82726211699,338.299611101953,376.187134150308,413.029339484782,449.66374209914,486.693091947807,517.246386915399
0.61565,40.8117822256813,77.7371010989117,116.619016758416,154.795645771147,193.85866236298,228.31000677589,266.06464442765,302.967221236391,338.469266564559,376.401269477806,413.288747304399,449.962895451818,487.040288219254,517.629934430787
0.62565,40.8121191202552,77.7416292067202,116.632832626563,154.824013224756,193.904851446486,228.381020944513,266.16598018585,303.113730809109,338.646803705758,376.625606007972,413.56053095232,450.276321062833,487.404514765094,518.032020421726
0.63565,40.8122485423197,77.7463596212845,116.64715202445,154.85340450841,193.952844069375,228.454882971764,266.271382994379,303.266212628793,338.831521867565,376.85925838701,413.843617822653,450.602781984489,487.78433414955,518.451058038504
0.64565,40.8121699811052,77.7512736738194,116.661918439955,154.88370362814,194.002450826693,228.531301357967,266.380436876507,303.424064919365,339.022692051784,377.101304495726,414.136890700851,450.940989824674,488.178247399036,518.885393531089
0.65565,40.8118837466568,77.7563519708047,116.677073596782,154.914791007164,194.053475943231,228.609974514663,266.492711446382,303.586664709948,339.219559797035,377.35078908871,414.439192172847,451.289609831555,488.584699917917,519.33331277572
0.66565,40.8113909686112,77.7615744705221,116.69255768445,154.946543957798,194.105718046164,228.690591954844,266.60776360757,303.753370293454,339.421348156269,377.606727564252,414.749329192839,451.647266161235,489.002087623792,519.793048039774
0.67565,40.8106935917381,77.7669205621512,116.70830959434,154.978837165653,194.158970959781,228.772835518306,266.725139301753,303.923523759106,339.627260763019,377.868109850115,415.066077791699,452.012547307578,489.428763278071,520.262784958196
0.68565,40.8097943682655,77.7723691471107,116.724267160859,155.01154318419,194.213024519159,228.856380627277,266.844375300691,304.09645358891,339.8364849743,378.133904389832,415.388187907414,452.38401167278,489.863042986878,520.740669693971
0.69565,40.8086968470176,77.7778987223251,116.740367406784,155.044532937698,194.267665399595,228.94089756738,266.965001034369,304.271477307833,340.048195077735,378.403062213785,415.714388318516,452.760193256698,490.303212846605,521.224816254373
0.70565,40.8074053594093,77.7834874650871,116.756546791798,155.077676230689,194.322677958497,229.026052788864,267.086540448125,304.447904177216,340.261555550266,378.674521079009,416.043391661009,453.139607442481,490.74753570791,521.713313934113
0.71565,40.8059250023523,77.7891133191824,116.772741463261,155.11084226173,194.377845086427,229.111510222974,267.20851388142,304.625037920807,340.475724355584,378.94720966138,416.373899509009,453.520756855676,491.194258031451,522.204234856023
0.72565,40.8042616181395,77.7947540819351,116.788887508203,155.143900139646,194.432949063935,229.196932608259,267.330439960835,304.802179472646,340.689856267259,379.220051783643,416.704607499033,453.902137273679,491.641616808305,522.695641579503
0.73565,40.8024217713885,77.8003874918316,116.804921205561,155.176719400096,194.487772420796,229.281982821591,267.451837499839,304.978629735956,340.903106204462,379.491970662593,417.03421047773,454.282243562217,492.08784651776,523.18559474672
0.74565,40.8004127231339,77.8059913163766,116.820779277657,155.209170520455,194.542098794268,229.366325208632,267.572227397807,305.153692342159,341.114632567117,379.761893158641,417.361407652726,454.659575615422,492.531186095013,523.672160736359
0.75565,40.7982424021712,77.8115434398348,116.836399139925,155.241125430974,194.595713782973,229.449626908514,267.691134530811,305.326676399128,341.323600557307,380.028754011011,417.684907726253,455.032644276069,492.969885881298,524.153419294752
0.76565,40.7959193737658,77.8170219505116,116.851719147905,155.27245802022,194.648405793046,229.531559167485,267.808089626722,305.496899217819,341.529185473843,380.291500041836,418.003433991314,455.399977212591,493.40221452898,524.627471114233
0.77565,40.7934528058496,77.8224052272281,116.866678840524,155.303044632779,194.699966873195,229.611798636349,267.922631117208,305.663689006533,341.730575966983,380.54909431257,418.31572937026,455.760124729706,493.826465834399,525.092445328846
0.78565,40.7908524328391,77.8276720246505,116.88121917871,155.332764557265,194.750193535393,229.69002864658,268.034306959334,305.826387522174,341.926977240456,380.800520216309,418.620561375907,456.111665489702,494.240965471474,525.546506897792
0.79565,40.7881285172188,77.8328015571355,116.895282778392,155.361500502713,194.798887557951,229.765940460069,268.142676419572,305.98435266803,342.117614188164,381.044785489878,418.916726975591,456.4532121218,494.644077599505,525.987863847498
0.80565,40.785291809039,77.837773580762,116.908814136965,155.389139061475,194.845856767807,229.839234487567,268.247311813172,306.136961027839,342.301734453167,381.280926129836,419.203057338997,456.783416697483,495.034211319087,526.414774343722
0.81565,40.7823535034911,77.8425684732241,116.92175985234,155.415571156786,194.89091579895,229.909621471035,268.347800192037,306.283610326123,342.478611396897,381.508010196959,419.478422450991,457.100976050147,495.409826950663,526.825553565772
0.82565,40.7793251967246,77.8471673112719,116.934068833693,155.440692473241,194.933886823968,229.976823625203,268.443744974447,306.4237218051,342.647546966863,381.725141494179,419.74173557128,457.404636918104,495.769442110939,527.218580355725
0.83565,40.7762188400828,77.8515519453926,116.945692503097,155.464403868482,194.974600255857,230.040575733873,268.534767510176,306.556742508775,342.80787445155,381.931463103463,419.991957523273,457.69320089064,496.11163756317,527.592303616398
0.84565,40.7730466929363,77.8557050714385,116.956584987239,155.486611764464,195.012895417302,230.100626196596,268.620508574863,306.682147465199,342.958961111623,382.12616076768,420.228100795241,457.965529137587,496.435062818239,527.94524843282
0.85565,40.7698212743006,77.8596102989185,116.966703298462,155.507228516768,195.048621174796,230.15673802163,268.700629787694,306.799441758304,343.10021067706,382.308466104098,420.449233437575,458.220546903768,496.738441464424,528.276021893044
0.86565,40.7665553134295,77.8632522156838,116.976007504413,155.526172760491,195.081636535095,230.208689761238,268.774814946847,306.9081624811,343.231065700356,382.47765963684,420.654482740759,458.457247750568,497.020576204808,528.583318585341
0.87565,40.7632616995785,77.8666164487528,116.984460885643,155.543369731357,195.111811201657,230.256276385636,268.842771277391,307.007880562564,343.351009756517,382.633073636332,420.843038679565,458.674697527883,497.280353582468,528.865925750054
0.88565,40.7599534311368,77.8696897210346,116.992030080516,155.558751560781,195.139026088856,230.29931009216,268.904230586736,307.098202460986,343.45956948115,382.774094754517,421.014157109845,458.872038060784,497.516748374773,529.122728065818
0.89565,40.7566435643285,77.8724599037274,116.99868521688,155.572257543707,195.163173791968,230.33762104643,268.958950323066,307.178771717097,343.556316438618,382.900166445471,421.167162705331,459.048490536345,497.728827639478,529.352712051212
0.90565,40.7533451616857,77.8749160641858,117.004400029952,155.583834378191,195.18415901104,230.371058052611,269.00671453258,307.249270360852,343.64086881288,383.010791161824,421.301451622839,459.203358577257,497.915754396614,529.554970064516
0.91565,40.7500712404968,77.8770485090666,117.009151965974,155.593436375758,195.201898926998,230.399489150117,269.047334711764,307.30942016631,343.712892914342,383.105532318361,421.416493885362,459.336030990117,498.076790931669,529.728703885755
0.92565,40.7468347214331,77.8788488225841,117.012922271228,155.601025641709,195.216323528501,230.422802134394,269.08065055133,307.358983749671,343.772104496781,383.18401601502,421.511835473649,459.445984177523,498.211301707011,529.873227866908
0.93565,40.7436483775565,77.8803098997232,117.015696066039,155.606572224679,195.227375888235,230.440904999744,269.106530568879,307.397765506114,343.818269879133,383.245932512507,421.587100118007,459.532784204477,498.318755870061,529.987971637847
0.94565,40.7405247839108,77.88142597428,117.017462403508,155.610054234839,195.235012387586,230.453726302428,269.124872627805,307.425612381763,343.851206867723,383.291037454692,421.641990783271,459.596088510927,498.398729348329,530.072482357331
0.95565,40.737476267893,77.8821926416181,117.018214312707,155.611457930285,195.239202888779,230.461215442622,269.135604340382,307.442414477724,343.870785475306,383.319152832977,421.676290841062,459.635647263698,498.450906523033,530.126426500159
0.96565,40.734514860603,77.8826068760518,117.017948826194,155.610777771273,195.239930853822,230.463342864111,269.138683353442,307.448105483798,343.876928434061,383.330167688806,421.689864924722,459.651304342464,498.475081474701,530.149591173443
0.97565,40.7316522493626,77.8826670427871,117.016666991724,155.608016442079,195.237193409768,230.460100170935,269.134097515527,307.442662940186,343.869611500538,383.324038551576,421.682659463544,459.642997955889,498.471158795843,530.141884956801
0.98565,40.7288997315904,77.8823729043733,117.014373868111,155.603184840409,195.23100136006,230.451500160521,269.121864924846,307.426108326121,343.848863551331,383.300789610193,421.654702894191,459.610760885486,498.439153967481,530.10333826315
0.99565,40.7262681702167,77.8817256216403,117.011078505266,155.596302034387,195.221379141887,230.437576773182,269.102033857845,307.3985069751,343.814766469114,383.260512617605,421.606105548472,459.554720356244,498.379193298052,530.03410321868
