phase_(f*t)[-],d_mat_sin_01[mm],d_mat_sin_02[mm],d_mat_sin_03[mm],d_mat_sin_04[mm],d_mat_sin_05[mm],d_mat_sin_06[mm],d_mat_sin_07[mm],d_mat_sin_08[mm],d_mat_sin_09[mm],d_mat_sin_10[mm],d_mat_sin_11[mm],d_mat_sin_12[mm],d_mat_sin_13[mm],d_mat_sin_14[mm],d_mat_sin_15[mm]
0.00941,0.64660688423691,2.02206071579926,4.04919039257013,6.57184075031383,9.54793600034585,12.4765334394274,16.1065801333651,20.134602130365,24.7157991989978,29.0130038962408,33.1725721775057,37.2934738966909,41.5553469563981,45.0566706495911,47.8722798081087
0.01941,0.645764312902651,2.01220470489733,4.01742696111083,6.51091278855412,9.45599980153183,12.3442610071388,15.9271852679778,19.9067776535316,24.4372075182804,28.6744788159387,32.7728015256895,36.8305403334711,41.0272776154319,44.4735272249999,47.2443059465885
0.02941,0.645081311730483,2.0026440333473,3.98633581537214,6.45106289691683,9.3656598151721,12.2141850363045,15.7505083873547,19.680249006437,24.1578054386131,28.3348589111758,32.3717971027545,36.3663286572769,40.4978015773347,43.888927086527,46.6147366480885
0.03941,0.644560576213999,1.9934164327519,3.95603965790208,6.39252727558144,9.27727257192042,12.0868188773554,15.5772467544276,19.4559101941601,23.8786956323576,27.9954845065587,31.9711414899565,35.9026708995161,39.9690084421342,43.3051773838404,45.986056535007
0.04941,0.644204161458381,1.984558320235,3.92665805379319,6.33553693790298,9.1911868958456,11.9626651863328,15.4080841537058,19.2346465795025,23.6009796184059,27.6576949578169,31.5724158919572,35.4413969055335,39.4429851147524,42.7245819103269,45.3607467205336
0.05941,0.644013474069838,1.97610465471983,3.89830695881371,6.28031679870787,9.10774252778231,11.8422139411347,15.2436881926915,19.0173313888653,23.3257534149889,27.322823365978,31.1771938965315,34.9843271130473,38.9218075689453,42.1494320110715,44.7412750168292
0.06941,0.643989266604377,1.96808879896205,3.87109826178313,6.22708478665781,9.02726878452919,11.725940507797,15.0847076671373,18.8048222660242,23.0541032141925,26.9921913162266,30.7870352643355,34.5332653677131,38.4075326543828,41.5819975399657,44.1300861956986
0.07941,0.644131634597804,1.96054238788224,3.84513934299818,6.17605098418498,8.95008325918589,11.6143037644408,14.9317700005464,18.5979578874008,22.787101095254,26.6671036622118,30.4034797732439,34.0899918041693,37.9021899792029,41.0245179016306,43.5295923401933
0.08941,0.644440016188691,1.95349520371731,3.8205326504518,6.12741679839261,8.87649056775825,11.5077442902901,14.7854787680182,18.3975546521903,22.5258007935553,26.3488433763854,30.0280411415504,33.6562558206587,37.4077739000753,40.4791932135106,42.9421633252213
0.09941,0.644913194335786,1.94697505848361,3.79737529551772,6.08137416619318,8.80678114697802,11.406682626907,14.6464113142134,18.2044034604064,22.2712335420104,26.0386664866965,29.6622010540125,33.2337691749532,36.9262356513873,39.9481756230146,42.370117464734
0.10941,0.645549301621115,1.9410076842156,3.77575866969629,6.03810479682111,8.74123010808182,11.3115176185063,14.5151164748382,18.0192665915608,22.0244040012604,25.7377971196221,29.3074033143194,32.8241992288274,36.4594756446123,39.4335608139733,41.8157123623998
0.11941,0.646345827619834,1.93561663141329,3.75576808393394,5.9977794547094,8.68009615107274,11.2226248378993,14.3921124106408,17.8428746962938,21.786286294737,25.4474226691001,28.965048147058,32.4291623677442,36.009335968255,38.937379735933,41.281136001874
0.12941,0.647299628807723,1.93082317609914,3.73748243193983,5.96055728556048,8.62362054374966,11.1403551042798,14.2778845624674,17.6759239128303,21.5578201642423,25.1686891104271,28.6364866716662,32.050217621719,35.5775931179684,38.4615905889251,40.7684981118269
0.13941,0.648406940967245,1.92664623585137,3.72097387882846,5.92658518827078,8.57202616953343,11.0650330987009,14.1728837354489,17.5190731196399,21.3399072612169,24.9026964776181,28.323015570182,31.6888605125409,35.1659509855382,38.0080710953454,40.2798218398086
0.14941,0.649663394043189,1.92310229514486,3.70630757631693,5.89599723518795,8.52551664784785,10.9969560827073,14.0775243198793,17.3729413351452,21.1334075883343,24.6504945220742,28.0258719698316,31.3465171516316,34.7760341343998,37.5786110894417,39.8170357678097
0.15941,0.651064029389282,1.92020534029451,3.69354140560085,5.86891414298847,8.48427553052684,10.9363927251798,13.9921826558063,17.2381052747382,20.9391361054626,24.4130785696938,27.7462285606535,31.0245386118347,34.4093813882284,37.1749054536558,39.3819663010296
0.16941,0.652603319337704,1.91796680425763,3.68272574892372,5.84544279626419,8.44846557741918,10.8835820420217,13.917195547789,17.1150970747486,20.7578595133904,24.1913855927759,27.4851889674269,30.7241955953489,34.0674397579054,36.7985474296965,38.9763304598894
0.17941,0.654275189014261,1.91639552151326,3.67390329074126,5.82567582569758,8.41822811404979,10.8387324528725,13.8528589356845,17.0044021923448,20.5902932280093,23.9862905122187,27.2437833941687,30.4466734188465,33.7515587308276,36.4510223307427,38.6017291037365
0.18941,0.656073040313146,1.91549769319654,3.66710884926531,5.8096912424908,8.3936824738724,10.8020209585708,13.7994267267081,16.9064574896558,20.4370985568939,23.7986027446059,27.0229645583886,30.1930673355703,33.4629849450965,36.133701679591,38.2596406129848
0.19941,0.657989777936642,1.91527686262566,3.66236923905229,5.7975521304911,8.37492552731495,10.7735924426126,13.7571097933778,16.8216495096765,20.2988800894232,23.62906300781,26.8236039311491,29.9643782128695,33.2028572696075,35.8478377958813,37.9514150546218
0.20941,0.660017837397024,1.915733901318,3.65970316517838,5.78930639722771,8.36203129947627,10.7535590993628,13.7260751412967,16.7503129507588,20.1761833107421,23.4783403977167,26.6464882977667,29.7615085822332,32.9722023094547,35.594558853764,37.6782688541115
0.21941,0.662149214870132,1.91686700555064,3.65912114941917,5.78498658484271,8.35505067798283,10.7419999912748,13.7064452500582,16.6927293457102,20.0694924489815,23.3470297476096,26.4923166527297,29.5852590774113,32.7719303543897,35.3748644295114,37.4412799947187
0.22941,0.664375498782816,1.91867170347883,3.66062548872494,5.78460974166205,8.35401121215852,10.7389607368673,13.6982975898749,16.6491259507124,19.9792285642301,23.2356492806344,26.361697441087,29.4363252746784,32.6028317863236,35.1896215566472,37.2413837632015
0.23941,0.666687903009562,1.92114087278435,3.66421024615572,5.7881773549136,8.35891700430006,10.744453330689,13.7016643158393,16.6196748484449,19.9057478868035,23.1446385646094,26.2551461571926,29.3152949477127,32.4655739600506,35.0395613041611,37.0793690586618
0.24941,0.669077301547327,1.924264768784,3.66986127431167,5.79567534485773,8.36974869348711,10.7584560959814,13.7165321410221,16.6044922689534,19.8493404113653,23.0743567772519,26.1730833102854,29.2226457479212,32.360698569504,34.9252758913138,36.955875279121
0.25941,0.671534264531693,1.92803106288744,3.67755627116635,5.80707412035366,8.38646353199099,10.7809137702271,13.7428423889098,16.6036381309429,19.810228752451,23.025081288668,26.1158327649312,29.158743319368,32.2886195099373,34.8472163504176,36.8713897981079
0.26941,0.674049095452241,1.9324248912525,3.68726486808268,5.82232869564209,8.40899555398039,10.8117377232459,13.780491224974,16.617115805306,19.7885672659099,22.9970065666991,26.0836204628772,29.1238398557444,32.2496212444687,34.8056907468186,36.8262460412183
0.27941,0.676611869420245,1.93742891344598,3.69894874966409,5.84137886788352,8.43725583585842,10.8508063069772,13.8293300664588,16.6448721018193,19.7844414397332,22.9902434094469,26.0765735313631,29.1180731050755,32.2438576814355,34.8008629631028,36.8206221702366
0.28941,0.679212472337672,1.9430233808784,3.71256180496781,5.86414945475131,8.47113284720342,10.8979653355699,13.8891661687692,16.686797479061,19.7978675566719,23.0048185080032,26.0947197814084,29.1414658260915,32.2713515669879,34.832752052327,36.8545403800121
0.29941,0.68184064081291,1.94918621474266,3.72805030948379,5.89055059114199,8.51049289092853,10.953028693883,13.959763386146,16.7427264767212,19.8287926299762,23.0406743411127,26.1379875980542,29.1939256984098,32.3319943953202,34.9012321628248,36.9278668108667
0.30941,0.684486002665683,1.95589309314905,3.74535313716072,5.92047808383174,8.55518063092307,11.0157790719973,14.0408431036249,16.8124383685975,19.8770946125101,23.0976694021831,26.2062062229955,29.2752456868808,32.4255468368942,35.0060330348856,37.0403120768773
0.31941,0.68713811786131,1.96311754711256,3.76440200164267,5.9538138226795,8.60501970509316,11.0859688228382,14.1320853366029,16.8956580337011,19.9425828784157,23.1755787577469,26.2991064284857,29.3851048586618,32.5516396829631,35.1467410673463,37.1914324079505
0.32941,0.689786519712749,1.97083106501395,3.78512172576414,5.99042624675368,8.65981342138236,11.163320939526,14.2331299936711,16.9920570420333,20.0249989754262,23.2740949351712,26.4163215798559,29.5230696497916,32.7097753026696,35.3228009498862,37.3806314011797
0.33941,0.692420756187832,1.97900320512204,3.80743053823994,6.03017086354309,8.71934553402535,11.2475301485947,14.3435782977308,17.1012549507487,20.1240176448589,23.3928291361113,26.557389082454,29.6885955762696,32.8993296069682,35.5335178545831,37.6071623745756
0.34941,0.695030431158661,1.9876017157333,3.83124039637917,6.07289081920285,8.78338109697115,11.3382641147679,14.4629943597849,17.2228208055893,20.239248105263,23.5313127709207,26.721752207295,29.8810293828857,33.1195545116189,35.7780601780815,37.8701313138782
0.35941,0.697605245430373,1.99659266245464,3.85645733354945,6.11841751758485,8.8516673911079,11.4351647525333,14.5909068991927,17.3562748416643,20.370235594655,23.68899930796,26.9087622882155,30.0996116213199,33.3695808895342,36.0554628235512,38.1685004008232
0.36941,0.700135037387357,2.00594056212693,3.88298183002027,6.16657128560977,8.92393492162966,11.5378496393434,14.7268111035986,17.5010903768626,20.5164631652568,23.8652664305075,27.1176812818627,30.3434796473377,33.6484220008267,36.364631009484,38.5010921089363
0.37941,0.702609823096512,2.01560852286081,3.91070920572198,6.21716208235456,8.99989848160937,11.6459135248622,14.8701706211967,17.6566958904267,20.6773537236523,24.0594184927594,27.347684680415,30.6116710252531,33.9549773870205,36.7043445902952,38.8665938506924
0.38941,0.705019835709266,2.02555838963213,3.93953003337009,6.26999024905721,9.07925827758023,11.7589299303033,15.0204196774657,17.822477278484,20.8522723083114,24.2706892652256,27.5978647655366,30.9031273262225,34.2880372140581,37.073262871682,39.2635631576985
0.39941,0.707355564006866,2.03575089486241,3.96933057032487,6.32484729707864,9.16170111268359,11.8764528315467,15.1769653080228,17.9977802776341,21.0405285954931,24.4982449586876,27.867234190728,31.2166983053798,34.6462870469628,37.4699299017304,39.6904333734579
0.40941,0.709607789936815,2.04614581339001,3.99999320748153,6.38151673071211,9.24690162271385,11.9980184193923,15.339189698783,18.1819130470278,21.241379623638,24.7411875147837,28.1547298779313,31.551146441327,35.0283130373128,37.8927802168927,40.1455198362474
0.41941,0.71176762499231,2.0567021212205,4.03139693341964,6.43977490159287,9.33452356018232,12.1231469300029,15.5064526241894,18.3741488987464,21.4540327254982,24.9985581502347,28.4592172130132,31.9051518200665,35.4326075030554,38.3401450201569,40.6270265277077
0.42941,0.713826545291123,2.06737815742959,4.06341781197991,6.49939189133608,9.42422112133248,12.2513445383129,15.6780939738904,18.5737291657075,21.6776486564326,25.2693411407241,28.7794945235693,32.2773173440981,35.8575748786388,38.8102587670261,41.1330531609071
0.43941,0.715776425215466,2.07813178857978,4.09592947138363,6.56013241891964,9.51564031086938,12.3821053069302,15.8534363578944,18.7798661957769,21.9113449065221,25.5524678294973,29.1142978213756,32.6661742461245,36.3015380119807,39.3012661333159,41.6616026799058
0.44941,0.717609569480093,2.08892057500177,4.12880360296427,6.62175676923087,9.60842033901737,12.51491318284,16.0317877799179,18.9917464602719,22.1541991834334,25.846820844862,29.4623057907726,33.0701878856055,36.7627447834213,39.8112293372714,42.2105891412238
0.45941,0.719318743502074,2.09970193828451,4.16191046754327,6.6840217391126,9.70219504539252,12.6492440340302,16.2124443683793,19.2085337645875,22.405253052285,26.1512385099438,29.822145003295,33.4877638052821,37.239375020539,40.3381357871068,42.7778459461062
0.46941,0.720897201952393,2.11043332931263,4.19511940745121,6.74668159717486,9.79659434407036,12.7845677180012,16.3946931542579,19.4293725482743,22.6635157181522,26.4645194272937,30.1923953379658,33.9172540237718,37.7295476815396,40.8799060237851,43.3611343910992
0.47941,0.722338715376675,2.12107239618846,4.228299362174,6.80948905358443,9.89124568414593,12.9203501739957,16.5778148848576,19.6533912615447,22.9279679362818,26.7854272202554,30.5715955858652,34.3569635393976,38.2313282788687,41.4344019276935,43.9581525031895
0.48941,0.72363759478,2.13157715137558,4.26131938558882,6.87219623600488,9.98577552002204,13.056055530693,16.761086862368,19.8797058048818,23.1975660345856,27.1126954123789,30.9582492168551,34.8051570195855,38.7427365137504,41.9994351568243,44.5665441246403
0.49941,0.724788714078764,2.14190613740442,4.29404916274868,6.93455566783536,10.0798107856231,13.1911482210483,16.9437857960229,20.1074230181764,23.4712460325371,27.4450324256245,31.3508302856991,35.2600656494292,39.2617540915218,42.5727757831613,45.1839082116694
0.50941,0.725787530330991,2.15201859048598,4.32635952417593,6.99632124488777,10.1729803667163,13.3250950959306,17.1251906565983,20.3356442056216,23.747927840217,27.7811266776312,31.7477894542717,35.7198941123948,39.78633268692,43.1521610931867,45.8078083102722
0.51941,0.726630101665249,2.16187460138791,4.35812295563522,7.05724920664748,10.2649165655303,13.4573675282192,17.3045855219855,20.563468682455,24.0265195209343,28.1196517579333,32.1475601060879,36.1828276756146,40.3144020278862,43.7353045177779,46.4357821717924
0.52941,0.727313102837417,2.17143527293795,4.38921410137391,7.11709909828477,10.3552565518901,13.5874434990535,17.4812624026086,20.7899973295496,24.3059216006017,28.4592716626962,32.5485645290229,36.6470393518088,40.8438780659834,44.3199046562508,47.0653514702924
0.53941,0.727833838353901,2.18066287353334,4.41951025884398,7.17563471962016,10.4436437951417,13.7148096580026,17.6545240355358,21.0143361418265,24.5850314068572,28.7986460673133,32.9492201418208,37.1106971095696,41.3726712011839,44.9036543589374,47.694031583374
0.54941,0.72819025310952,2.18952098605024,4.44889186295287,7.23262505729862,10.5297294712166,13.8389633490252,17.8236866362575,21.2355997564842,24.8627474208089,29.1364356160551,33.3479457398201,37.5719711035522,41.8986945285657,45.4842498324509,48.3193413978474
0.55941,0.728380940498063,2.19797465156541,4.47724295793235,7.28784519649373,10.6131738392799,13.9594145942233,17.9880825972718,21.4529149471213,25.1379736242259,29.471307207894,33.7431677352459,38.0290408960384,42.4198720743728,46.0593997317063,48.9388131015517
0.56941,0.728405147963524,2.2059905073232,4.50445165496292,7.34107720854379,10.693647582533,14.075688027561,18.147063122826,21.6654240699625,25.4096238250223,29.8019392576454,34.1333263674419,38.4801026413726,42.9341469889353,46.6268342028121,49.5500019226823
0.57941,0.728262779970097,2.213536918403,4.53041057374787,7.39211101101662,10.7708331078763,14.1873247709172,18.3000007894169,21.8722884485858,25.6766259439608,30.1270269116602,34.5168818585335,38.9233762049164,43.4394896641152,47.1843138411472,50.1504957781876
0.58941,0.727954398379209,2.22058410256793,4.55501726629426,7.44074519680899,10.8444257993039,14.2938842450679,18.4462920219451,22.0726916837963,25.9379262456595,30.4452871974865,34.892320490227,39.357112188427,43.9339057432428,47.7296385292672,50.7379247931596
0.59941,0.727481220232115,2.22710424780163,4.57817462122833,7.48678782900842,10.9141352200842,14.3949459084509,18.58535947575,22.2658428755802,26.1924934972044,30.7554640871755,35.2581605777648,39.7795988341325,44.4154439919308,48.2606561197632,51.3099706536469
0.60941,0.726845112946786,2.23307162206964,4.59979124704976,7.53005719838049,10.9796862589804,14.4901109168517,18.7166543151251,22.4509797444258,26.4393230379544,31.0563334542498,35.6129583174579,40.1891687802583,44.8822039987057,48.7752709288045,51.8643757559811
0.61941,0.726048586948067,2.23846267487195,4.61978183281211,7.5703825404922,11.0408202159894,14.5790036974587,18.8396583793225,22.6273716396928,26.6774407444777,31.3467079047719,35.9553134847194,40.5842056413415,45.3323436750631,49.2714520068448,52.3989521165069
0.62941,0.725094785760177,2.2432561301861,4.63806748480623,7.60760470964112,11.0972958233125,14.6612734310782,18.953886227496,22.7943224231564,26.9059068749725,31.6254414634448,36.2838749601111,40.9631503873667,45.7640865253497,49.7472411538527,52.911590006554
0.63941,0.723987473600655,2.24743307043388,4.65457603791759,7.64157680693081,11.1488901975287,14.7365954366571,19.0588870545144,22.9511732163467,27.1238197779978,31.8914340962539,36.5973460615954,41.3245074965448,46.1757286577798,50.2007606474324,53.4002662785723
0.64941,0.722731020524712,2.25097701114038,4.66924234042913,7.67216476001365,11.1953997192143,14.8046724526506,19.154246470084,23.0973050008415,27.3303194508805,32.1436360517978,36.8944896619458,41.6668508574541,46.5656455089183,50.6302206533361,53.8630523505712
0.65941,0.721330385178618,2.25387396599073,4.68200851114521,7.69924785221313,11.2366408365353,14.8652358101781,19.2395881341571,23.2321410612485,27.5245909337522,32.3810520041782,37.1741330711239,41.988829397251,46.9322982550897,51.033926289122,54.2981218173513
0.66941,0.719791095230197,2.25611250202761,4.69282416782233,7.72271919893741,11.272450789643,14.9180464933363,19.3145752421743,23.355149261238,27.7058675258244,32.602744981096,37.4351726643504,42.2891724137368,47.2742398854127,51.4102843130813,54.7037576584915
0.67941,0.718119225553639,2.25768378477199,4.70164662600479,7.74248616950402,11.3026882530124,14.9628960824855,19.3789118542789,23.4658441436418,27.8734338112055,32.8078400616533,37.6765782376087,42.5666945902392,47.5901209124905,51.7578094120351,55.0783590146444
0.68941,0.716321374254754,2.2585816130887,4.70844106748074,7.7584707527108,11.3272338931898,14.9996075767872,19.4323440632552,23.5637888463308,28.0266284823209,32.9955278292661,37.8973970733887,42.8203006735154,47.8786946982216,52.0751300631868,55.4204475053961
0.69941,0.714404636631258,2.25880244365958,4.71318067769376,7.7706098647105,11.3459908397472,15.0280360927453,19.4746609965855,23.6485968263101,28.1648469497916,33.165067566062,38.0967577006282,43.0489897962162,48.1388223737106,52.3609939468965,55.7286730637591
0.70941,0.712376577170877,2.25834540496724,4.71584675156767,7.77885559797389,11.3588850675859,15.0480694359951,19.5056956486666,23.7199333852278,28.2875437284726,33.3157901761552,38.2738733340107,43.2518594268525,48.3694773338634,52.6142728890138,56.0018192642694
0.71941,0.710245199697768,2.25721230073461,4.71642876732689,7.78317541035889,11.3658656890793,15.0596285440831,19.5253255399051,23.7775169902764,28.3942345902333,33.4471008262624,38.4280449790476,43.4281089316744,48.5697492889284,52.8339673132664,56.2388081236622
0.72941,0.708018915785085,2.25540760280641,4.71492442802112,7.78355225353955,11.3669051549037,15.0626677984906,19.5334732000884,23.8211203852742,28.4844984749847,33.5584812932375,38.5586641906903,43.5770427344073,48.7388478569945,53.0192101861306,56.4387043551794
0.73941,0.705706511558338,2.25293843350089,4.71133967059033,7.779984640288,11.3619993627621,15.0571752046689,19.530106474124,23.8505714875417,28.5579791524113,33.6494920092625,38.6652154745847,43.698073061373,48.8761056832675,53.1692704386167,56.6007190597191
0.74941,0.703317113020574,2.24981453750125,4.70568864243439,7.77248665034387,11.3511676735751,15.0431724393765,19.5152386489412,23.8657540670332,28.6143866278495,33.71977379662,38.747278321492,43.7907222611645,48.9809810738141,53.283555851464,56.72421283926
0.75941,0.700860150036207,2.2460482433978,4.69799364557971,7.76108787484794,11.3344528350712,15.0207147651308,19.4889284010535,23.8666082050437,28.6534982867637,33.769049285204,38.8045288668462,43.8546246897177,49.0530601333808,53.3616153923602,56.808698320273
0.76941,0.698345319115659,2.24165441503274,4.68828504866337,7.74583329955951,11.3119208130818,14.9898908121121,19.4512795649893,23.8531305306806,28.6751597733048,33.7971240071728,38.8367411689002,43.8895281533413,49.0920583988494,53.4031409959592,56.8538420771626
0.77941,0.695782545147656,2.23665039283926,4.67660116708197,7.72678312731808,11.2836605312037,14.9508222283807,19.4024407235045,23.8253742341674,28.6792855994816,33.8038871644251,38.8437881004142,43.8952949040102,49.0978219618826,53.407968779675,56.8594659481443
0.78941,0.693181942230229,2.23105592540685,4.66298811177824,7.70401254045029,11.2497835198588,14.903663199788,19.3426046211941,23.7834488569256,28.6658594825429,33.7893120658688,38.825641850369,43.8719021829942,49.0703280763302,53.3760796904508,56.8255477383688
0.79941,0.690553773754991,2.22489309154258,4.64749960726226,7.67761140405961,11.2104234761336,14.8485998414749,19.2720074038173,23.7275198592654,28.6349344092386,33.7534562327593,38.7823740337231,43.8194423106759,49.0096852479979,53.307599579953,56.7522213075142
0.80941,0.687908411902218,2.2181862131362,4.63019677958533,7.64768391136986,11.1657357361391,14.7858494633607,19.1909276863384,23.6578079673891,28.5866324267047,33.6964611716889,38.7141554087818,43.7381223222049,48.9161328064239,53.2027987078922,56.6397760415036
0.81941,0.685256296706591,2.21096175917268,4.61114791510338,7.6143481725221,11.115896661969,14.7156597125197,19.0996854533604,23.5745883022855,28.5211441607991,33.6185518161251,38.6212552032916,43.6282631504239,48.790039960355,53.0620906754315,56.4886557104304
0.82941,0.682607894855152,2.20324824127129,4.59042819098192,7.57773574844792,11.0611029456798,14.638307595832,18.9986407962923,23.4781892939533,28.4387280637886,33.5200356387008,38.5040400519215,43.4902983592941,48.6319043406485,52.8860307928916,56.2994567172012
0.83941,0.679973658380068,2.19507610116321,4.56811937850611,7.53799113165851,11.0015708330368,14.5540983867632,18.8881924922326,23.368991385238,28.3397093943559,33.4013014377607,38.3629725493233,43.3247724328161,48.4423500363499,52.6753138881947,56.0729257438053
0.84941,0.67736398340924,2.18647759055195,4.54430952036688,7.49527117599875,10.937535270091,14.4633644205901,18.7687764301784,23.2474255303974,28.2244789339518,33.2628178029512,38.1986094244824,43.1323386262,48.2221251316992,52.4307715646963,55.8099568045027
0.85941,0.674789169137528,2.1774866438306,4.51909258319661,7.44974447761675,10.8692489759543,14.3664637828247,18.6408638907707,23.1139714943224,28.0934914445598,33.105131265912,38.0115993435619,42.9137563877658,47.9720987537839,52.1533689192266,55.5115877175577
0.86941,0.672259377180544,2.16813874415831,4.49256808672578,7.40159070959183,10.7969814454325,14.2637788960146,18.5049596863647,22.9691559591241,27.947263873958,32.9288641433644,37.8026803499146,42.669888361748,47.6932576424914,51.8442007332939,55.1789960094446
0.87941,0.669784591471388,2.15847078342444,4.46484071102408,7.35099991284704,10.7210178854528,14.1557150104958,18.3616001687666,22.8135504455599,27.7863733155625,32.7347120811125,37.5726769513624,42.4016969838326,47.3867022562976,51.5044871524826,54.8134942676885
0.88941,0.667374578858635,2.14852091665312,4.43601988337596,7.29817174614439,10.6416580894819,14.0426986050546,18.2113511124976,22.6477690575026,27.6114547309034,32.5234413086463,37.3224968662408,42.1102406828632,47.05364242926,51.1355688710958,54.4165249606825
0.89941,0.665038850561035,2.13832841142284,4.40621934642118,7.24331469812296,10.5592152543786,13.9251757038112,18.0548054819406,22.4724660583525,27.4231984437217,32.2958856151843,37.0531274410493,41.7966697037059,46.6953925963553,50.7389018410474,53.9896547449231
0.90941,0.662786624631086,2.12793349289523,4.37555670926452,7.18664526448949,10.4740147443483,13.8036101159656,17.8925810911803,22.2883332889588,27.2223474155767,32.0529430590883,36.7656317538461,41.4622215677587,46.3133666060053,50.3160515258851,53.5345682821335
0.91941,0.660626789575591,2.11737718506474,4.34415298332641,7.12838709360873,10.3863928068798,13.678481605355,17.7253181657739,22.0960974372402,27.0096943137166,31.7955724236373,36.4611444187641,41.1082161890192,45.9090721402627,49.8686867226209,53.0530615906732
0.92941,0.658567869276777,2.10670114885565,4.31213210476614,7.06877010386552,10.2966952457297,13.550283997045,17.5536768160729,21.8965171702791,26.7860783827822,31.5247894331479,36.1408671082081,40.7360506649877,45.4841047646793,49.3985729757517,52.5470349574738
0.93941,0.656617989352434,2.09594751770547,4.27962044536243,7.00802957628196,10.2052760561928,13.4195232284277,17.3783344320689,21.6903801402098,26.5523821326926,31.2416627443747,35.8060638104018,40.3471937629612,45.0401416313374,48.9075656094619,52.0184854384751
0.94941,0.654784845087808,2.08515873128347,4.24674631378178,6.94640522597073,10.1124960280448,13.2867153525179,17.1999830100454,21.4784998757147,26.3095278557814,30.9473097290099,35.4580558410047,39.9431801234802,44.5789348598968,48.3976024055064,51.4694989771571
0.95941,0.653075671065827,2.07437736800074,4.21363944920278,6.884140256089,10.0187213216696,13.1523845013277,17.0193264215841,21.2617125713991,26.0584739869297,30.6428920639282,35.0982166284824,39.5256042038036,44.1023046227791,47.870695955671,50.9022421722747
0.96941,0.651497212615508,2.06364597697261,4.18043050929485,6.82148039802674,9.92432202299181,13.0170608173568,16.8370776357054,21.0408737877123,25.8002113210625,30.3296111465782,34.7279662938116,39.0961139853139,43.6121319617784,47.3289257189927,50.3189537272817
0.97941,0.650055699191226,2.05300691009678,4.14725055457206,6.75867294161717,9.82967068291624,12.8812783613623,16.6539559051057,20.8168550744419,25.535759102933,30.0087033536166,34.3487660459121,38.6564044696881,43.1103513644494,46.7744298150843,49.7219356151914
0.98941,0.648756819787901,2.04250215490966,4.11423053115723,6.69596575919672,9.73514084704013,12.7455730046649,16.4706839275953,20.5905405311048,25.2661610046292,29.6814351614931,33.9621124149223,38.2082109895003,42.5989431295677,46.2093965859535,49.1135439937406
0.99941,0.647605700489137,2.03217316888083,4.08150075399738,6.63360632736624,9.6411055814391,12.6104803143097,16.2879849939404,20.3628233178103,24.9924810066777,29.3490981482475,33.5695313460783,37.7533023596565,42.0799255517963,45.6360559596165,48.4961799067115
