phase_(f*t)[-],d_mat_sin_01[mm],d_mat_sin_02[mm],d_mat_sin_03[mm],d_mat_sin_04[mm],d_mat_sin_05[mm],d_mat_sin_06[mm],d_mat_sin_07[mm],d_mat_sin_08[mm],d_mat_sin_09[mm],d_mat_sin_10[mm],d_mat_sin_11[mm],d_mat_sin_12[mm],d_mat_sin_13[mm],d_mat_sin_14[mm]
0.00565,0.431138397337946,1.96566251431702,4.1730367159129,6.87051665084968,9.98454178433915,12.9234283323143,16.37740386587,17.8767846856877,23.7269870124652,27.4350597637909,31.3793907424178,34.8783189882368,38.7607351795609,41.8478144236796
0.01565,0.438755946629307,1.99321634550666,4.22663654674841,6.95984495096687,10.1146540037919,13.0980918803583,16.6062503256185,18.1924116348552,24.0634440595541,27.8392754841751,31.8634433604024,35.4377405132546,39.3857285192146,42.5295825920725
0.02565,0.448359449216495,2.0269835763958,4.29276524695065,7.06985102146514,10.2756460744554,13.3142264531373,16.8890255935569,18.5802168625653,24.4845149078988,28.3439488780973,32.462836141613,36.1288751026507,40.1584862229627,43.3725564201102
0.03565,0.459911004462221,2.06683094315089,4.37116183675127,7.20010071864122,10.4668826341771,13.5709790662348,17.2246136848904,19.0386698787554,24.9885377832299,28.9470882302352,33.1752035565785,36.9489951639503,41.0759585691879,44.3734090752116
0.04565,0.473365023655333,2.11260118641988,4.46151692062632,7.3500800064458,10.6876089596233,13.8673364343862,17.6116901867381,19.5659613788181,25.5735235375246,29.646313225114,33.9977342165618,37.8948640579485,42.1345247136928,45.5281906491933
0.05565,0.488668409928634,2.16411367196302,4.56347390833905,7.51919698514892,10.9369539448279,14.2021289704521,18.0487274849856,20.160010384099,26.2371634992653,30.4388643411245,34.9271819688264,38.9627488722472,43.330006979518,46.8323437467521
0.06565,0.505760767807955,2.22116510353369,4.67663042223868,7.70678422729784,11.2139335390491,14.5740354012448,18.5340007930802,20.8184724545696,26.9768385847112,31.3216137410938,35.9598787077185,40.1484351533544,44.6576873443241,48.2807214714228
0.07565,0.5245746415655,2.2835303251958,4.80053988526113,7.91210141174825,11.5174546303684,14.98158798199,19.0655949589751,21.5387489412603,27.7896296342254,32.2910776164303,37.091748851004,41.4472435392072,46.1123260602708,49.8676077380271
0.08565,0.545035781436792,2.3509632099114,4.93471328336472,8.13433824537364,11.8463193597041,15.4231782888443,19.6414120233597,22.3179972419414,28.6723289328645,33.3434299361237,38.3183254243294,42.8540482264758,47.6881823329074,51.5867398314501
0.09565,0.567063436650563,2.42319763089169,5.07862109544512,8.37261766092204,12.1992298482133,15.8970635666102,20.2591794993467,23.1531420195745,29.6214528697637,34.4745175463424,39.6347676903296,44.3632971997674,49.379036977466,53.4313331227156
0.10565,0.590570674115164,2.49994851187782,5.23169538311327,8.62599927839977,12.5747933194276,16.4013736065939,20.9164593409395,24.0408873392638,30.6332556863574,35.6798765610336,41.0358802528057,45.9690341428946,51.1782169631426,55.3941078448177
0.11565,0.615464721503755,2.58091295220668,5.39333203208874,8.89348311632172,12.9715275959045,16.9341181274649,21.6106575648859,24.9777296758048,31.7037442591775,36.9547499788425,42.5161335605813,47.6649219457345,53.0786217485009,57.4673178226347
0.12565,0.641647333384304,2.66577142222142,5.56289313636278,9.17401353818134,13.3878669487056,17.4931946299871,22.3390344879451,25.9599717404976,32.8286938588865,38.2941064568231,44.0696857301138,49.4442677139066,55.0727513040655,59.6427810435436
0.13565,0.669015178949416,2.75418902430905,5.73970951572192,9.46648341856572,13.8221682766126,18.0763966946228,23.0987155391654,26.9837370726566,34.0036648233552,39.6926601668508,45.6904056007406,51.3000491825697,57.1527357115115,61.9119119480862
0.14565,0.697460249815823,2.84581681458828,5.92308335669656,9.76973851247374,14.2727175906976,18.6814226892626,23.886702604503,28.0449853382297,35.2240200789798,41.1448916563704,47.3718969315689,53.2249424300929,59.3103662226374,64.2657553132495
0.15565,0.726870286284133,2.94029318003165,6.11229096651189,10.0825820105938,14.7377367786545,19.3058848527158,24.699885859008,29.1395282751509,36.4849434410937,42.6450696311543,49.1075236445161,55.2113507822283,61.5371276555434,66.6950215946399
0.16565,0.757129220376574,3.03724526558688,6.30658562917273,10.4037792625635,15.2153906221954,19.9473187181128,25.5350560398829,30.2630462224973,37.7814586212478,44.1872735741021,50.8904360138787,57.2514347927137,63.8242320001643,69.190123588071
0.17565,0.788117633904274,3.13629044566549,6.50520055241033,10.7320626495703,15.7037940398192,20.6031928390301,26.388917111977,31.4111051682171,39.1084488663474,45.7654171108169,52.71359769907,59.3371431819855,66.1626531005304,71.7412142658784
0.18565,0.8197132297563,3.23703783419114,6.7073518938612,11.0661365870642,16.2010195263667,21.270918779953,27.2580992757305,32.5791742481499,40.4606771521393,47.3732720297446,54.569813513842,61.4602446119006,68.5431622768816,74.3382256386393
0.19565,0.851791314550477,3.33908982724844,6.91224185453479,11.4046826378377,16.7051047600033,21.9478613316474,28.1391722662347,33.7626436272772,41.8328068513538,49.0044928620792,56.4517578223979,63.612360171068,70.95636474705,76.970908488927
0.20565,0.884225290741206,3.44204367224389,7.11906182736166,11.7463647152953,17.2140603466064,22.6313489111275,29.02865889092,34.9568426926354,43.2194227949345,50.6526419244293,58.3520034503306,65.7849964425838,73.3927367033733,79.6288728202898
0.21565,0.916887156242137,3.54549305738645,7.3269955883961,12.0898343563771,17.7258776709954,23.318684105173,29.9230487524467,36.157058486091,44.6150526432368,52.3112147254136,60.2630509962862,67.9695790236673,75.8426628988123,82.3016288618203
0.22565,0.949648009591924,3.64902971521448,7.53522251807922,12.433736043326,18.2385368240181,24.0071543157864,30.8188121026391,37.3585543042338,46.0141884828519,53.9736656359164,62.1773584286754,70.1574863649119,78.2964745939383,84.9786284664885
0.23565,0.982378558669406,3.75224503384094,7.74292083984939,12.7767125532975,18.7500145742092,24.6940424655785,31.7124137727893,38.5565883919807,47.4113085638253,55.6334337216956,64.0873708506264,72.3400837956015,80.7444877150307,87.6493067398597
0.24565,1.01494963095054,3.8547316695578,7.94927086331892,13.1174103146976,19.2582923525606,25.3766377208316,32.6003271253531,39.7464326561173,48.8008990914808,57.2839686363924,65.9855503157116,74.508757600811,83.1770410726913,90.3031237349056
0.25565,1.04723268329334,3.95608515443557,8.15345821921753,13.4544847491122,19.7613642188912,26.0522461899213,33.4790479719769,40.9233913249209,50.1774759868492,58.9187564727562,67.8644055767778,76.6549490158041,85.5845344901453,92.9296060483606
0.26565,1.07910030923893,4.05590549257346,8.35467707333583,13.7866055777433,20.2572447783762,26.7182015548761,34.3451084029284,42.0828194802273,51.5356065298229,60.5313454700605,69.716521650477,78.7701880035674,87.9574666907533,95.518388154459
0.27565,1.11042674182664,4.15379873870039,8.55213330678476,14.1124620714119,20.7439770169936,27.3718755941166,35.1950904733521,43.2201413887995,52.8699307996193,62.1153714762546,71.5345890808177,80.8461266821771,90.2864727952089,98.0592533129301
0.28565,1.14108834993873,4.24937855289708,8.74504765002006,14.4307682234071,21.2196400249645,28.0106885548454,36.0256396923359,44.3308685606577,54.1751828279405,63.6645830643649,73.3114327862483,82.8745722700747,92.5623612804396,100.542173889804
0.29565,1.17096412621594,4.34226772530316,8.93265875826317,14.7402678247672,21.6823565777062,28.6321193341521,36.8334782615542,45.4106174630973,55.4462113813436,65.1728662040204,75.040040376426,84.8475194192335,94.7761502543487,102.957350931903
0.30565,1.19993616461824,4.43209966479217,9.11422621618122,15.0397394219626,22.1303005443799,29.2337154286557,37.6154180112407,46.4551268204907,56.678000290806,66.634268390738,76.7135898269183,86.7571818086096,96.9191029032402,105.295252838831
0.31565,1.22789012574614,4.51851984573925,9.28903345996807,15.3280011374147,22.5617040947955,29.8131026134143,38.3683729824378,47.4602744315954,57.8656882482528,68.0430221377379,78.325476402616,88.5960228731938,98.9827619720309,107.546652979847
0.32565,1.25471568808599,4.60118720717183,9.45639060529435,15.6039153338269,22.9748646762289,30.3679943119064,39.0893716058663,48.4220934379985,59.0045879919191,69.393567737579,79.8693387236058,90.3567855473909,100.958983141172,109.702666107161
0.33565,1.28030698339869,4.67977549878146,9.61563716996565,15.8663931039191,23.3681517326204,30.8962006201039,39.7755684293528,49.336787979495,60.0902048048304,70.6805752037843,81.3390838706302,92.0325209053417,102.839967168559,111.754783421949
0.34565,1.30456301453319,4.75397456848473,9.76614468054406,16.1143985678476,23.7400131396341,31.395636949023,40.4242553475283,50.2007481746139,61.1182542533973,71.8989653058625,82.7289114310568,93.616615585159,104.618290669576,113.694906154692
0.35565,1.32738805401612,4.82349158645186,9.90731915264565,16.346952961349,24.0889813301839,31.8643322516441,41.0328722894837,51.0105643671709,62.0846790961174,73.0439296147102,84.0333363904563,95.1028178888457,106.286935413802,115.515377527322
0.36565,1.34869202184442,4.88805220077223,10.0386034351255,16.5631384984762,24.4136790862501,32.3004368017343,41.5990173221996,51.7630405826237,62.985665295654,74.1109494792849,85.247210779449,96.4852624548903,107.839316022764,117.209012971026
0.37565,1.36839084098991,4.94740162019606,10.1594794088988,16.7621019936799,24.7128249741298,32.7022294938717,42.1204561298792,52.4552071411238,63.8176570710989,75.0958138596559,86.3657439903881,97.7584934061695,109.269305959413,118.769128480455
0.38565,1.38640676921298,5.00130561967905,10.26947003172,16.9430582289425,24.9852384016702,33.0681246358619,42.5951308317711,53.0843323774855,64.5773709310155,75.9946359460558,87.3845216836992,98.9174858818025,110.57126170677,120.189566992443
0.39565,1.40266870587561,5.04955146476165,10.3681412208508,17.1052930526742,25.2298442775268,33.3966782067412,43.0211681036852,53.6479334218208,65.2618086318788,76.8038684983423,88.2995232092619,99.9576658679812,111.740045040306,121.46472268512
0.40565,1.41711247254318,5.09194875113473,10.4551035661863,17.2481661981439,25.4456772540572,33.6865935556671,43.3968865711472,54.1437859982926,65.8682690107733,77.5203178453347,89.1071374740795,100.874928249513,112.771043306171,122.58956310153
0.41565,1.42968106626737,5.12833015607846,10.5300138670787,17.371113810319,25.6318855371079,33.9367265192071,43.7208034450155,54.5699332033151,66.394358645649,78.1411564887749,89.8041771936125,101.665653010836,113.660187625227,123.559649010439
0.42565,1.4403248845508,5.15855209880862,10.5925764867936,17.4736506711436,25.7877342476562,34.146089936829,43.9916403733725,54.9246932285582,66.8380013010645,78.6639342621716,90.387891470535,102.326719522565,114.403968951059,124.371151925957
0.43565,1.44900192110541,5.18249530712433,10.6425445192533,17.5553721144727,25.912608322042,34.3138575467726,44.2083284865955,55.2066659982766,67.19744612214,79.0865880004876,90.8559766512698,102.855518857189,114.999451918575,125.020869216814
0.44565,1.45567793163207,5.20006528812099,10.6797207634617,17.6159556231044,26.0060149393431,34.439367246927,44.3700126156971,55.4147386947694,67.4712745443813,79.4074496825098,91.2065854174562,103.249964085322,115.444286428552,125.506236745693
0.45565,1.46032656896721,5.21119270111056,10.7039585017673,17.6551621016082,26.0675854663147,34.5221237078458,44.4760546672862,55.548090150163,67.6584058921061,79.6252530137671,91.438334076472,103.508498511853,115.736716922405,125.8253389887
0.46565,1.46292948706303,5.21583363127761,10.7151620788901,17.6728368199251,26.0970769122156,34.5618003275854,44.526036141831,55.6061940871853,67.7581016433773,79.7391384240159,91.550308022236,103.630101819512,115.875589310573,125.976916595066
0.47565,1.46347641339097,5.21396976299101,10.7132872794296,17.6689100240167,26.0943728877822,34.5582405206544,44.519759785286,55.5888211961421,67.7699683446112,79.7486564595712,91.5420653447403,103.6142940956,115.860355527186,125.960371357227
0.48565,1.46196518948268,5.20560845208735,10.6983415023628,17.6433972111525,26.0594840645635,34.5114583359844,44.4572503675631,55.4960400398975,67.6939591633593,79.6537695570951,91.4136385740672,103.461137725982,115.691075693027,125.775768571679
0.49565,1.45840177944851,5.19078269684087,10.6703837318437,17.5963990687492,25.9925481328057,34.4216384014854,44.3387545847761,55.3282167832874,67.5303740731349,79.4548521918419,91.165534552008,103.171237148878,115.368417878264,125.423836781279
0.50565,1.4528002464399,5.16955100773427,10.6295243044198,17.5281010770034,25.8938292580513,34.2891351954041,44.1647400856441,55.0860137480345,67.279858669554,79.1526893997756,90.7987324317898,102.745736469423,114.893655465884,124.905964900021
0.51565,1.44518269714854,5.14199717654463,10.5759244735843,17.4387727768862,25.7637170385986,34.1144716473601,43.9358936258956,54.770386798867,66.9434016224651,78.7484736793915,90.3146798138052,102.186314944405,114.26866212623,124.224196731628
0.52565,1.43557919456135,5.10822994565549,10.5097957733821,17.328766706388,25.6027249679351,33.8983370745811,43.6531183579573,54.382581571157,66.5223307741203,78.2438002854692,89.7152870325946,101.495180355009,113.495904422482,123.381222903591
0.53565,1.42402763931563,5.0683825789004,10.4313991835814,17.1985170092119,25.4114884082134,33.6415844614836,43.3175302666238,53.9241285549668,66.0183078987892,77.6406609333313,89.0029196176291,100.675060293709,112.578432076257,122.380370248489
0.54565,1.41057362012252,5.02261233563141,10.3410440997064,17.0485377214073,25.1907620827672,33.3452270933322,42.9304537647761,53.3968370549042,65.4333221444945,76.9414359384525,88.1803889576458,99.7291913997109,111.519865931752,121.225588674508
0.55565,1.39527023384922,4.97109985008827,10.2390871119937,16.8794207427042,24.9414170975626,33.0104345572663,42.4934164665285,52.8027880496232,64.7696821827539,76.148884822442,87.2509412053812,98.6613065854123,110.324383665927,119.921435576949
0.56565,1.37817787596989,4.9140484185176,10.125930598094,16.6918335005553,24.6644375033414,32.6385281264736,42.0081431584339,52.1443259791526,64.030007097308,75.2661354224726,86.2182444664891,97.475620304305,108.99670330112,118.473057852278
0.57565,1.35936400221235,4.85168319685549,10.0020211350716,16.4865163161049,24.3609164120221,32.2309755457284,41.4765489925391,51.4240494924619,63.2172160477937,74.2966715471362,85.0863743232036,96.1768119184522,107.542064585174,116.886171585674
0.58565,1.33890286234106,4.78425031213989,9.867847736968,16.2642794824795,24.0320516826864,31.789385238874,40.9007319281545,50.6448011917809,62.3345167491546,73.2443192274428,83.8597977498782,94.7700072311836,105.966208312537,115.167039492251
0.59565,1.31687520712729,4.7120158911596,9.7239399248876,16.0260000669311,23.6791411941771,31.3154999611081,40.2829644521675,49.8096564141477,61.3853928122555,72.1132316172241,82.543355483878,93.2607582578921,104.275353667979,113.322446200985
0.60565,1.29336796966269,4.63526501017347,9.57086563721945,15.7726184494533,23.3035777229629,30.8111899211245,39.6256846105747,48.9219110944584,60.3735899956617,70.9078726025329,81.1422429214019,91.6550213147648,102.476173682302,111.359671478883
0.61565,1.26847392227409,4.55430056984461,9.40922898824398,15.5051346115314,22.906843446486,30.2784454002535,38.9314863866283,47.9850687579174,59.3031014228417,69.632999184724,79.6619896136264,89.959133511925,100.575768896944,109.286461501066
0.62565,1.24229131039354,4.46944209982987,9.23966788396994,15.2246041896718,22.4905040936849,29.7193688977313,38.2031094635691,47.0028266932246,58.1781518231326,68.2936427067434,78.1084374440938,88.1797877437529,98.5816393413791,107.110998280157
0.63565,1.21492346482843,4.38102449774224,9.0628515046108,14.9321343092874,22.0562027657779,29.1361668330956,37.4434284123488,45.9790613610656,57.003180858664,66.8950889967157,76.487717573467,86.3240062750898,96.501654933933,104.841867375615
0.64565,1.18647839396203,4.28939670746301,8.87947766363616,14.6288792153794,21.6056534516928,28.5311408384557,36.6554413470112,44.9178130954925,55.7828256030394,65.4428575071961,74.8062262426387,84.3991130275665,94.3440244228071,102.488024010451
0.65565,1.15706835749372,4.19492034201964,8.69027005382082,14.3160357172593,21.1406342637359,27.9066786750026,35.8422580925062,43.8232701585713,54.5219022409254,63.9426795324122,73.0705995296915,82.4127046754311,92.1172629899012,100.058757729061
0.66565,1.12680942340128,4.09796825646441,8.49597539115999,13.9948384652896,20.662980420195,27.2652448096056,35.0070879116312,42.699752211225,53.2253870607713,62.4004755894644,71.2876871603289,80.3726206649457,89.8301586452803,97.5636557356298
0.67565,1.09582100987358,3.9989230763858,8.29736046792239,13.6665550782828,20.1745770025713,26.6093706886882,34.1532268395372,41.5516932655051,51.8983968156717,60.8223320527496,69.4645254751375,78.286912275674,87.4917375449142,95.0125650578224
0.68565,1.06422541402155,3.89817568786015,8.09520912647152,13.3324811407889,19.6773515160238,25.9416447477654,33.2840446757837,40.3836241855723,50.5461685298798,59.2144771338219,67.6083096603656,76.1638108457588,85.111228368563,92.4155536850615
0.69565,1.03214732922737,3.79612369480285,7.89031916579792,12.9939350900154,19.1732662823872,25.264702196071,32.4029716852795,39.200154806445,49.1740388306654,57.5832563014873,65.7263653518097,74.0116952865914,82.6980258983945,89.7828708347738
0.70565,0.999713353036643,3.6931698498074,7.68349919297106,12.6522530125578,18.6643106957841,24.5812146165908,31.5134850605941,38.0059557410869,47.7874228870846,55.9351072391372,63.826119723877,71.8390590150757,80.2616539420713,87.124906503411
0.71565,0.967051487535712,3.58972046466484,7.47556543193662,12.308783371476,18.152493371395,23.8938794225454,30.6190951990674,36.8057399476312,46.3917930387824,54.2765344381529,61.9150721779214,69.6544764339921,77.8117277466323,84.4521504618806
0.72565,0.934290634185925,3.48618380683681,7.2673385022535,11.9648816845271,17.6398342183723,23.205409211932,29.7233318488751,35.6042441294884,44.9926571991673,52.6140835276501,60.0007647455322,67.4665690927475,75.3579160515063,81.7751508572124
0.73565,0.901560085108443,3.38296848821035,7.05964018048333,11.6219051745556,17.1283564681813,22.5185210621398,28.8297301787248,34.4062100417415,43.5955371181939,50.9543154418709,58.0907523235812,65.283971662058,72.9099029304139,79.1044725838412
0.74565,0.868989012827309,3.28048185249349,6.8532901570138,11.2812074131555,16.6200786898299,21.8359258068868,27.941816826161,33.216365777605,42.2059465905384,49.3037805271741,56.192572858496,63.1152978568485,70.4773495727533,76.4506555887952
0.75565,0.83670596048451,3.17912836761572,6.64910280111519,10.9441329787409,16.1170068234993,21.1603173377971,27.0630959795372,32.0394071088013,40.8293696951699,47.6689926908103,54.3137175974298,60.9691064418554,68.0698561552992,73.8241732753403
0.76565,0.804838334538918,3.07930802947783,6.44788394699689,10.6120121501098,15.6211262640143,20.4943619728423,26.1970355485857,30.879978953495,39.4712391521963,46.056403693506,52.4616015237306,58.853867454092,65.6969239546913,71.2353911692419
0.77565,0.773511901951208,2.9814147833509,6.25042771354796,10.2861556564412,15.1343940253968,19.8406879336017,25.347053478162,29.7426570449227,38.1369148823998,44.4723776873119,50.6435340933899,56.7779287754824,63.3679178502356,68.6945260107707
0.78565,0.742850293839118,2.88583496915421,6.05751337031266,9.96784950444604,14.6587310174259,19.201874972873,24.5165042591783,28.6319298730646,36.8316628540786,42.9231660992016,48.8666903879593,54.7494831875848,61.0920293650049,66.2116054338966
0.79565,0.71297451756191,2.79294579674813,5.86990226206955,9.65834990308593,14.1960144646843,18.5804441935662,23.7086656899599,27.552180970625,35.5606343006756,41.4148829595461,47.1380827977815,52.776536038426,58.8782403910958,63.7964283917977
0.80565,0.684002479159605,2.70311385725912,5.6883348041515,9.35887830589053,13.7480704980106,17.9788480990626,22.9267259402734,26.5076716132315,34.3288453912132,39.9534807728285,45.4645333472893,50.8668736490499,56.7352877422043,61.4585264848698
0.81565,0.656048518031713,2.61669367631204,5.51352756036464,9.07061659043841,13.316666947595,17.3994609143041,22.1737709690764,25.5025240021268,33.1411574337663,38.5447270258286,43.8526467715916,49.0280325844656,54.6716286734137,59.2071263438539
0.82565,0.629222955691856,2.53402631487946,5.34617041503837,8.79470239402621,12.9035063661616,16.844569215812,21.4527723456478,24.5407049957238,32.0022576901,37.1941814259875,42.3087844506018,47.2672699102686,52.6954075042723,57.0511132165396
0.83565,0.603631660379154,2.45543802326983,5.18692385036706,8.53222462393397,12.5102193097701,16.3163629076145,20.7665755221613,23.6260104542272,30.9166408771887,35.9071739597822,40.8390393035773,45.5915345523178,50.8144234768852,54.9989959017517
0.84565,0.579375629244657,2.38123895356656,5.03641633978866,8.28421916000555,12.1383579027563,15.8169265786954,20.1178886039858,22.7620502591083,29.8885914286219,34.688783857704,39.4492117431507,44.0074398725004,49.0360999758685,53.0588731690085
0.85565,0.556550589761727,2.31172193559943,4.89524186768707,8.05166476650416,11.7893897122065,15.3482312760743,19.5092716620305,21.9522340665513,28.9221665859018,33.5438195488563,38.1447867837513,42.5212375688137,47.3674552316422,51.2384017963783
0.86565,0.535246621933432,2.24716132127906,4.76395758520719,7.83547922937695,11.4646919561404,14.912126725984,18.9431266293145,21.1997578510985,28.0211803863652,32.4767996842817,36.9309123947585,41.1387930027691,45.8150746226803,49.5447663526747
0.87565,0.515547802787935,2.18781190185523,4.64308161143389,7.63651573417318,11.1655460682607,14.5103340338467,18.421687821635,20.5075912925984,27.1891886109202,31.4919353039106,35.8123791838195,39.8655620514899,44.3850846860312,47.9846508432455
0.88565,0.497531874564869,2.13390790237224,4.53309098861268,7.45555949891066,10.8931326407203,14.1444388918565,17.9470131197431,19.8784660562368,26.4294747510037,30.5931132175107,34.7936014905084,38.706569575857,43.0831289386747,46.5642123312574
0.89565,0.481269937902235,2.08566205728964,4.43441979948188,7.29332467517891,10.6485267648637,13.8158853209772,17.520975847829,19.3148650119014,25.7450370501404,29.7838806652242,33.8785999649456,37.6663895896782,41.9143456051384,45.2890566385807
0.90565,0.466826171234668,2.04326477091656,4.34745745414643,7.15045152970918,10.4326937883333,13.5259699720513,17.1452573803669,18.8190124354296,25.1385766712459,29.0674313182318,33.0709857001281,36.7491272081461,40.8833473392736,44.1642162221711
0.91565,0.454257577510477,2.00688336597283,4.27254715325405,7.02750391753409,10.2464855052825,13.2758370085113,16.8213405064986,18.3928652304071,24.6124870363701,28.4465926747916,32.3739459805951,35.9584024468233,39.9942030202174,43.1941303132615
0.92565,0.443613759227045,1.97666142324267,4.2099845335391,6.92496705670949,10.0906367947343,13.0664735908894,16.5505035781416,18.0381052051641,24.1688443809546,27.9238149013949,31.7902317036726,35.2973359350949,39.2504216943856,42.3826273977442
0.93565,0.434936722672441,1.95271821492696,4.16001650107944,6.8432456133804,9.96576272034853,12.8987059809458,16.3338154649186,17.7561324354456,23.8093995598792,27.5011611630789,31.3221465229378,34.7685366004701,38.6549387268699,41.7329101068864
0.94565,0.428260712145783,1.9351482339303,4.12284025687098,6.78266210474868,9.87235610304734,12.7731962807914,16.172131335817,17.5480597389528,23.5355711376379,27.1802994810567,30.9715377567514,34.3740913723373,38.2101042168929,41.2475425780075
0.95565,0.423612074810642,1.92402082094073,4.09860251856539,6.74345562624492,9.81078557607578,12.6904398198726,16.066089284228,17.4147082835592,23.348439789913,26.9624961497994,30.7397890977356,34.115556945807,37.9176737230398,40.9284403350007
0.96565,0.421009156714819,1.91937989077368,4.08739894144261,6.72578090792805,9.78129413017491,12.6507632001329,16.0161078096831,17.3566043465369,23.2487440386418,26.8486107395506,30.6278151519716,33.9939536381475,37.7788013348712,40.7768627286351
0.97565,0.420462230386878,1.92124375906028,4.0892737409031,6.72970770383643,9.78399815460833,12.654323007064,16.0223841662281,17.3739772375801,23.236877337408,26.8390927039953,30.6360578294673,34.0097613620591,37.7940351182583,40.7934079664739
0.98565,0.421973454295168,1.92960506996394,4.1042195179699,6.75522051670062,9.81888697782696,12.701105191734,16.0848935839511,17.4667583938248,23.3128865186598,26.9339796064715,30.7644846001404,34.1629177316771,37.9633149524178,40.9780107520221
0.99565,0.425536864329337,1.94443082521042,4.13217728848902,6.80221865910392,9.88582290958474,12.790925126233,16.2033893667381,17.6345816504348,23.4764716088843,27.1328969717246,31.0125886221996,34.4528183087813,38.2859727671808,41.3299425424221
